"214629162,150092852"
"214629162,182953810"
"214629162,11715358"
"214629162,68421572"
"214629162,10065646"
"214629162,6051049"
"214629162,73443922"
"214629162,66476212"
"214629162,13872223"
"219537970,8491195"
"219537970,182731013"
"219537970,115371482"
"219537970,183590134"
"219537970,150092852"
"219537970,99422482"
"219537970,49244852"
"219537970,189077086"
"219537970,135270732"
"219537970,8333103"
"219537970,129655832"
"219537970,70163612"
"219537970,12452751"
"219537970,7636650"
"219537970,11660869"
"219537970,13387848"
"219537970,60610742"
"219537970,147542422"
"219537970,11901370"
"219537970,191308012"
"219537970,191372920"
"219537970,120054602"
"219537970,48434802"
"219537970,1595992"
"219537970,8544889"
"219537970,183256363"
"219537970,13058454"
"219537970,13162669"
"219537970,3942483"
"219537970,118432622"
"219537970,14318995"
"219537970,103763912"
"219537970,191434454"
"219537970,55314132"
"219537970,73756072"
"219537970,184245393"
"219537970,190833984"
"219537970,191751097"
"219537970,114415412"
"219733207,176646382"
"219733207,9287140"
"219733207,89226932"
"219733207,14535079"
"219733207,47213272"
"219733207,9070709"
"219733207,97657032"
"219803070,12600264"
"219803070,188829035"
"219803070,139408272"
"219803070,96833492"
"219803070,184254558"
"220616702,106729352"
"220616702,11355325"
"220616702,106729662"
"220616702,4267913"
"220616702,48189542"
"220616702,134944752"
"220616702,116398072"
"220616702,15322541"
"220616702,58719802"
"220616702,7768539"
"220616702,190002171"
"220616702,190022752"
"220616702,155349902"
"220616702,143575572"
"220616702,149030712"
"220616702,114743652"
"220616702,4760932"
"220616702,85356822"
"220616702,127042882"
"220616702,141516392"
"220616702,186635478"
"220616702,136103582"
"220616702,26545572"
"220616702,13963951"
"220616702,117785642"
"220616702,41915032"
"220616702,12690196"
"220616702,185701988"
"220616702,188599265"
"220705111,47213272"
"220705111,12148405"
"220705111,97657032"
"220705111,9287140"
"220705111,14535079"
"220705111,176646382"
"220705111,89226932"
"221198101,8265455"
"221198101,9629390"
"221198101,5177006"
"221198101,161020932"
"221198101,14535079"
"221198101,184009333"
"221198101,9070709"
"221198101,155380482"
"221198101,191156289"
"221461720,178543982"
"221461720,182614544"
"221461720,162458792"
"221461720,78623212"
"221461720,87806132"
"221461720,8491195"
"221461720,76086152"
"221461720,10831907"
"221461720,14268974"
"221461720,183637314"
"221461720,166461492"
"221461720,163807172"
"221461720,183308024"
"221461720,140119232"
"221461720,51439282"
"221461720,65607412"
"221461720,47111662"
"221461720,189607800"
"221461720,179490122"
"221461720,133859052"
"221461720,187168981"
"221461720,217933"
"221461720,183079114"
"221461720,187960593"
"221461720,159716942"
"221461720,162365942"
"221461720,159677282"
"221461720,161043712"
"221461720,152212932"
"221461720,131931952"
"221683311,98765062"
"221683311,92275762"
"221683311,16923041"
"221683311,24177722"
"221683311,28337752"
"221683311,14662936"
"221683311,9435928"
"221683311,190087196"
"221683311,120052842"
"221683311,13512735"
"221683311,190445947"
"221683311,71559082"
"221683311,4216282"
"221683311,1066772"
"221714734,134784462"
"221714734,49813702"
"221714734,52545892"
"221714734,181584212"
"221993862,3735594"
"221993862,76844292"
"221993862,84337412"
"221993862,83050032"
"221993862,151684302"
"221993862,136914502"
"221993862,9724419"
"221993862,12395765"
"221993862,12937388"
"221993862,149501842"
"221993862,119519002"
"221993862,39358872"
"221993862,77976052"
"221993862,136595632"
"221993862,122414542"
"221993862,183020698"
"221993862,81390362"
"221993862,81438722"
"221993862,187499371"
"221993862,72444322"
"221993862,188547412"
"221993862,108263592"
"221993862,177944032"
"221993862,190545096"
"221993862,189137760"
"221993862,83491002"
"221993908,3735594"
"221993908,629443"
"221993908,75219092"
"221993908,72448892"
"221993908,151684302"
"221993908,109905562"
"221993908,80827912"
"221993908,12395765"
"221993908,76844292"
"221993908,65157452"
"221993908,82928382"
"221993908,72444322"
"221993908,183020698"
"221993908,149501842"
"221993908,9724419"
"221993908,160642262"
"221993908,83050032"
"221993908,119519002"
"221993908,87293232"
"221993908,191415405"
"221993908,81438722"
"221993908,77976052"
"221993908,81390362"
"221993908,87044142"
"222255004,6386356"
"222255004,185183406"
"222255004,133373412"
"222255004,187080668"
"222255004,106997802"
"222255004,99422482"
"222255004,64488522"
"222255004,190244209"
"222255004,12695221"
"222255004,187412075"
"222255004,13992020"
"222255004,183789788"
"222255129,6386356"
"222255129,185183406"
"222255129,133373412"
"222255129,64488522"
"222255129,190413580"
"222255129,133747152"
"222255129,14316436"
"222255129,175995002"
"222255129,142206252"
"222255129,7390325"
"222255129,141233472"
"222255129,190810221"
"222255129,185826446"
"222255129,191490902"
"222255129,90817332"
"222255129,184784219"
"222255425,6386356"
"222255425,64488522"
"222255425,133373412"
"222255430,6386356"
"222255430,99422482"
"222255430,133373412"
"222320180,8211443"
"222320180,185838227"
"222320180,10682437"
"222320180,92442612"
"222320180,9545201"
"222380665,9283917"
"222380665,161950062"
"222380665,60868092"
"222380665,106891862"
"222380693,9283917"
"222380693,190746608"
"222380693,98198432"
"222380693,141202572"
"222380693,4546837"
"222380710,9283917"
"222380710,79731102"
"222380710,52545892"
"222380710,120054602"
"222380710,191284948"
"222380710,114743652"
"222380710,187719373"
"222380729,9283917"
"222380729,52545892"
"222380729,11292534"
"222380729,6612795"
"222380729,13058454"
"222380729,106891862"
"222380729,187719373"
"222380729,158372392"
"222380729,191723835"
"222380729,165794972"
"222431068,11339679"
"222431068,77270402"
"222431068,109471382"
"222431068,10033100"
"222431068,188987128"
"222431068,30552632"
"222465123,9283917"
"222465123,139646632"
"222465123,52545892"
"222465123,116222322"
"222465123,9339681"
"222465123,31497642"
"222465123,114415412"
"222465123,84225912"
"222465123,4718656"
"222465145,9283917"
"222465145,1754655"
"222465145,190521963"
"222465145,108481672"
"222465145,96954282"
"222465145,104093572"
"222465145,190405194"
"222465145,60868092"
"222465164,9283917"
"222465164,135270732"
"222465164,12564438"
"222465164,52545892"
"222465164,55399742"
"222465164,190712658"
"222465164,6612795"
"222465164,108481672"
"222465164,190523251"
"222465164,185936936"
"222465164,188255014"
"222465164,183551036"
"222465164,190958627"
"222465164,185610975"
"222465164,191284948"
"222465164,39899032"
"222465164,4896371"
"222465164,74059882"
"222465191,9283917"
"222465191,52545892"
"222465191,1754655"
"222465191,6612795"
"222465191,115419882"
"222465191,130790282"
"222465225,9283917"
"222465225,135270732"
"222465225,12564438"
"222465225,190079944"
"222465225,96954282"
"222465225,184533746"
"222465225,138109182"
"222465225,1754655"
"222465225,190126753"
"222465225,9659081"
"222465225,118432622"
"222465225,8127807"
"222465225,40600502"
"222465225,180197962"
"222465225,143454562"
"222481729,60196902"
"222481729,186138188"
"222481729,12162809"
"222481729,149968152"
"222481729,183635336"
"222481729,137716122"
"222481729,2698166"
"222481729,55712502"
"222481729,13118167"
"222481729,73462702"
"222481729,182791828"
"222481729,58492122"
"222481729,190445947"
"222510459,92211742"
"222510459,55897132"
"222510459,187798460"
"222532456,9283917"
"222532456,10214849"
"222532456,190752805"
"222532488,9283917"
"222532488,79731102"
"222532488,135270732"
"222532488,190006867"
"222532488,1754655"
"222532488,953538"
"222532488,188982899"
"222532488,31497642"
"222532488,139065132"
"222532488,190857558"
"222532488,94045792"
"222532488,13776615"
"222532488,141262332"
"222532488,106663912"
"222532488,182732493"
"222532488,183952708"
"222532548,9283917"
"222532548,11258882"
"222532548,43917502"
"222532548,181580562"
"222532548,184533746"
"222532548,27364692"
"222532548,132246102"
"222532548,184089306"
"222532548,86253922"
"222532548,87079092"
"222532548,105641672"
"222532548,52545892"
"222532548,141262332"
"222532548,60868092"
"222532548,187645202"
"222532548,4546837"
"222532548,184081726"
"222532548,52790712"
"222532548,186021055"
"222532548,127340762"
"222532646,9283917"
"222532646,99422482"
"222532646,59656722"
"222532774,9283917"
"222532774,185915635"
"222532774,1754655"
"222532774,184081726"
"222532774,154126182"
"222532774,185606716"
"222532774,106663912"
"222532804,9283917"
"222532804,52545892"
"222532804,134063492"
"222532804,127340762"
"222532804,14180373"
"222532852,9283917"
"222532852,185915635"
"222532852,1754655"
"222532852,49960812"
"222532852,63868822"
"222532852,40896"
"222532852,16173411"
"222532852,98154402"
"222532852,190494785"
"222532852,79506002"
"222532852,188654100"
"222532852,191658119"
"222532852,118432622"
"222532852,152298442"
"222532852,17022411"
"222532852,6419039"
"222535082,187324757"
"222535082,184089306"
"222535082,52545892"
"222535082,158935872"
"222535082,113621812"
"222535082,6612795"
"222535082,12205308"
"222535082,187045093"
"222535082,2436038"
"222535082,4546837"
"222535082,40276552"
"222573371,9283917"
"222573371,52545892"
"222573371,55914422"
"222573371,6051049"
"222573371,9339681"
"222573399,9283917"
"222573399,52545892"
"222573399,9339681"
"222573399,33589122"
"222573399,58286922"
"222573428,9283917"
"222573428,52545892"
"222573428,17022411"
"222573428,14316436"
"222573428,148666852"
"222573428,4059111"
"222573507,9283917"
"222573507,52545892"
"222573507,14431460"
"222573507,191113285"
"222573507,42675852"
"222573507,66051722"
"222573514,9283917"
"222573514,52545892"
"222573514,104353972"
"222573514,191113285"
"222573514,134063492"
"222573514,166978612"
"222573514,109820152"
"222593566,89537812"
"222593566,80875042"
"222593566,8862044"
"222593566,70322882"
"222593566,78611292"
"222593566,161473912"
"222789986,137716122"
"222789986,101556452"
"222789986,145860792"
"222789986,135273022"
"222789986,9496944"
"222789986,11914934"
"222789986,133055982"
"222789986,188729176"
"222789986,70834652"
"222789986,96349542"
"222789986,186237150"
"222789986,187156982"
"222789986,1973072"
"222789986,142117642"
"222789986,135270252"
"222789986,74485712"
"222789986,135272592"
"222789986,191181357"
"222789986,183583681"
"222789986,71629052"
"222789986,127043742"
"222789986,11355325"
"222789986,11280470"
"222789986,185407874"
"222789986,106996062"
"222789986,135269072"
"222789986,6640239"
"222789986,97781832"
"222789986,8137255"
"222789986,136103582"
"222789986,185968491"
"222789986,189258393"
"222789986,112634502"
"222789986,139146502"
"222789986,184995195"
"222789986,191529746"
"222789986,191529798"
"222791719,6520713"
"222791719,187565843"
"222791719,10282677"
"222791719,134177692"
"222791719,187828407"
"222791719,190665486"
"222791719,144975022"
"222791719,190958390"
"222791719,190312674"
"222791719,163987882"
"222791719,191137981"
"222791719,187322418"
"222791719,14253048"
"222816099,63634742"
"222816099,48089942"
"222816099,95381742"
"222816099,186627401"
"222816099,1595992"
"222816099,103846482"
"222816099,35357422"
"222816099,44205362"
"222816099,54909752"
"222816099,142619992"
"222816099,75058092"
"222816099,185869143"
"222816099,10851659"
"222816099,4131360"
"222816099,190128590"
"222816099,148995022"
"222816099,185404681"
"222816099,189808857"
"222816099,191621052"
"222816099,35225562"
"222816099,30498612"
"222816099,55399742"
"222916491,169793342"
"222916491,178663592"
"222916491,189116077"
"222916491,13956310"
"222965787,4064133"
"222965787,183897682"
"222965787,31180232"
"222989948,13007776"
"222989948,188358187"
"222989948,173362922"
"222989948,23907462"
"222989948,187042005"
"222989948,6410425"
"222989948,124737432"
"222989948,186696828"
"222989948,119313532"
"222989948,8711675"
"222989948,166911852"
"222989948,156395072"
"222989948,174987962"
"222989948,141516392"
"222989948,91563412"
"222989948,191150736"
"222989948,161270742"
"222989948,134157602"
"222989948,49573552"
"222989948,136842352"
"222989948,2698166"
"222989948,182675942"
"222989948,104381632"
"222989948,76813222"
"222989948,149863212"
"222989948,83697272"
"222989948,50832122"
"222989948,190504988"
"222989948,77971042"
"222989948,182621585"
"222989948,8224381"
"222989948,5977224"
"222989948,191456961"
"222989948,22136671"
"222989948,184325345"
"222989948,54297732"
"222989948,176429642"
"222989948,132107882"
"222989948,12098572"
"222989948,58647162"
"222989948,41314652"
"222989948,164036692"
"222989948,44576032"
"222989948,191540477"
"222989948,183346158"
"222989948,13248672"
"222989948,117670762"
"222989948,20880391"
"222989948,187833606"
"222989948,161473912"
"222989948,155375452"
"222989948,105475342"
"222989948,3250973"
"222989948,91521322"
"222989948,190605979"
"222989948,190445947"
"222989948,187907808"
"222989948,191769867"
"222989948,4113606"
"222989948,191551344"
"222989948,24844822"
"222994406,188177028"
"222994406,6686943"
"222994406,11405998"
"222994406,53198632"
"222994406,137352992"
"222994406,187921350"
"222994406,74890012"
"222994406,189013196"
"222994406,152153532"
"222994406,190300620"
"222994406,190810221"
"222994406,181646692"
"222994406,116305062"
"222994406,186744032"
"222994406,191658119"
"222995096,46201522"
"222995096,42551082"
"222995096,186207542"
"222995096,6215806"
"222995096,90746632"
"222995096,71302342"
"222998573,9066784"
"222998573,2477069"
"222998573,12346175"
"222998573,107162202"
"222998573,182761529"
"222998573,185404681"
"222998573,145561662"
"222998573,32907982"
"223036629,121573712"
"223036629,157779812"
"223036629,37748782"
"223036629,188137722"
"223036629,189692599"
"223097105,14139600"
"223097105,8655104"
"223097105,189469520"
"223100691,87550742"
"223100691,158448922"
"223100691,125680972"
"223100691,156109552"
"223141331,74935322"
"223141331,8215729"
"223141331,185913642"
"223141331,188788365"
"223141331,183240787"
"223141331,31624292"
"223141331,183345486"
"223141331,129655832"
"223141331,68245542"
"223141331,188188010"
"223141331,189962237"
"223141331,156415922"
"223141331,190211544"
"223141331,190224807"
"223141331,28405752"
"223141331,189912449"
"223141331,11490796"
"223141331,190428005"
"223141331,2236135"
"223141331,99618162"
"223141331,189535909"
"223141331,73716942"
"223141331,190665486"
"223141331,136580202"
"223141331,9410825"
"223141331,189276172"
"223141331,2335432"
"223141331,158229022"
"223141331,11562073"
"223141331,190801999"
"223141331,12572849"
"223141331,190801936"
"223141331,189356261"
"223141331,14591948"
"223141331,50288202"
"223141331,60180752"
"223141331,191065996"
"223141331,144975022"
"223141331,190258133"
"223141331,191135752"
"223141331,186962092"
"223141331,191140227"
"223141331,116235652"
"223141331,144027452"
"223141331,183035733"
"223141331,188713821"
"223141331,76649122"
"223141331,94749692"
"223141331,120270222"
"223156052,188177028"
"223156052,11470276"
"223156052,40804862"
"223156052,53198632"
"223156052,10642504"
"223156052,65471782"
"223156052,180557152"
"223156052,130442382"
"223182042,10758789"
"223182042,7828321"
"223182042,128186322"
"223182042,3598619"
"223182042,105123472"
"223182042,183237165"
"223182042,133731382"
"223182042,190169140"
"223182042,52790712"
"223182042,9510307"
"223182042,9672736"
"223182626,10758789"
"223182626,7828321"
"223182626,9672736"
"223182626,40600502"
"223182626,96505232"
"223182626,7754822"
"223182626,107958772"
"223182626,133731382"
"223182626,13708775"
"223182626,10112314"
"223193650,85499292"
"223193650,8491195"
"223193650,99422482"
"223193650,1595992"
"223193650,62504242"
"223193650,134063492"
"223193650,4390879"
"223251565,176842802"
"223251565,3823597"
"223251565,173184462"
"223251565,185321323"
"223251565,38608082"
"223251565,188760850"
"223251565,185476756"
"223251565,13064945"
"223251565,105010352"
"223251565,5924186"
"223251565,43268322"
"223251565,132111782"
"223251565,48739992"
"223251565,53581762"
"223251565,166911852"
"223251565,147943672"
"223251565,160520752"
"223251565,183428376"
"223251565,13231218"
"223251565,151207622"
"223251565,176849592"
"223251565,185251718"
"223251565,13569325"
"223251565,184301823"
"223251565,22136671"
"223251565,63013852"
"223251565,34440032"
"223251565,190504988"
"223251565,190717397"
"223251565,190712977"
"223251565,185429175"
"223251565,184357143"
"223251565,127106592"
"223251565,184596074"
"223251565,155770122"
"223251565,183108778"
"223251565,8720957"
"223251565,111230852"
"223251565,107876192"
"223251565,190965023"
"223251565,182844532"
"223251565,96308592"
"223251565,84857002"
"223251565,187156982"
"223251565,80739692"
"223251565,147542422"
"223251565,174847252"
"223251565,8137255"
"223271104,143033552"
"223271104,135414782"
"223271104,182774432"
"223271104,55399742"
"223271104,85178362"
"223271104,12913876"
"223271104,76357952"
"223273978,8491195"
"223273978,183345486"
"223273978,26010692"
"223273978,185070295"
"223273978,125965462"
"223273978,33331452"
"223273978,190143436"
"223273978,102827722"
"223273978,9659081"
"223274145,183821876"
"223274145,375740"
"223274145,24886722"
"223274145,173602232"
"223274145,191106601"
"223286530,50339292"
"223286530,188179916"
"223286530,64790022"
"223286530,184789184"
"223286530,116235652"
"223286530,189111108"
"223286530,120278692"
"223286530,184301823"
"223286530,9259457"
"223286530,50090872"
"223298437,89883822"
"223298437,11339679"
"223298437,78929062"
"223298437,37474992"
"223298437,12326584"
"223335639,129442472"
"223335639,55897132"
"223335639,183821876"
"223344751,13007776"
"223344751,6410425"
"223344751,124737432"
"223344751,58647162"
"223344751,3925274"
"223344751,170665982"
"223344751,119313532"
"223344751,174987962"
"223344751,155375452"
"223344751,156395072"
"223344751,176262192"
"223344751,190331390"
"223344751,646206"
"223344751,54297732"
"223344751,68878832"
"223344751,189235006"
"223344751,17337811"
"223344751,128023842"
"223344751,190494785"
"223344751,176560172"
"223344751,70794352"
"223344751,41915032"
"223344751,14657464"
"223344751,4943489"
"223344751,9609762"
"223344751,182176122"
"223344751,191814320"
"223344751,182630643"
"223344751,59256452"
"223344751,108457202"
"223344751,186252839"
"223344751,11653868"
"223344751,173362922"
"223344751,49573552"
"223344751,13842976"
"223344751,188636405"
"223344751,36212772"
"223344751,190605979"
"223344751,12559284"
"223344751,47809512"
"223344751,163545052"
"223344751,183260250"
"223344751,13915368"
"223344751,7693050"
"223344751,2184892"
"223344751,103983602"
"223344751,191990862"
"223344751,183346158"
"223344751,187833606"
"223344751,192050992"
"223344751,90728272"
"223344751,190445947"
"223344751,8224381"
"223344751,5977224"
"223344751,24844822"
"223344751,192075920"
"223344751,192077029"
"223344751,192077468"
"223344751,192078122"
"223344751,30868322"
"223344751,160427382"
"223344751,188450284"
"223344751,192082723"
"223344751,192082785"
"223344751,7972348"
"223344751,191906870"
"223344791,13007776"
"223344791,59256452"
"223344791,71915432"
"223344791,16538871"
"223344791,174987962"
"223344791,3997827"
"223344791,646206"
"223344791,191551344"
"223344791,133864552"
"223344791,41374302"
"223344791,24844822"
"223440674,156611382"
"223440674,127912652"
"223440674,91764422"
"223440674,157066842"
"223465348,67857012"
"223465348,3530073"
"223465348,78263202"
"223465348,7127857"
"223465348,140888732"
"223465348,14344080"
"223527142,12930899"
"223527142,9507281"
"223527142,939664"
"223527142,186829125"
"223527142,160672852"
"223527142,187969018"
"223538687,12346175"
"223538687,185614799"
"223538687,87329612"
"223538687,190461496"
"223538687,190800113"
"223544536,6961497"
"223544536,182062692"
"223544536,155977442"
"223544536,188519871"
"223544536,37106112"
"223544536,155078802"
"223544536,114415412"
"223544536,188532785"
"223544536,189356261"
"223544536,12326584"
"223544536,183810377"
"223573755,141242992"
"223573755,10682437"
"223573755,185940867"
"223573755,73660192"
"223573755,183376538"
"223573755,14253048"
"223573755,128296222"
"223573755,182624913"
"223573755,187618189"
"223573755,155598662"
"223573755,98821092"
"223573755,188713821"
"223573755,8155904"
"223578214,152404612"
"223578214,12426678"
"223578214,188647706"
"223578214,186354772"
"223578214,150912622"
"223582410,35033542"
"223582410,75278982"
"223582410,190655886"
"223582410,67850712"
"223582410,42746222"
"223586961,104626882"
"223586961,188519871"
"223586961,183955698"
"223609933,87546712"
"223609933,10020481"
"223609933,91113502"
"223609933,33578832"
"223609933,6632291"
"223609933,12564438"
"223609933,189310310"
"223609933,187823211"
"223612341,57994092"
"223612341,53288912"
"223612341,155138162"
"223612341,60325232"
"223612341,14158267"
"223612341,131784802"
"223612341,63560732"
"223612341,4760932"
"223612341,12690196"
"223612341,184653313"
"223612341,185321250"
"223612341,96439162"
"223612341,182896102"
"223612341,130468262"
"223612341,190805588"
"223612341,12693066"
"223612341,68737902"
"223612341,54386502"
"223612341,59873342"
"223612341,106723582"
"223612341,14436902"
"223612341,185968491"
"223612341,138773642"
"223612341,112851272"
"223612341,182675942"
"223612341,166579752"
"223612341,65501622"
"223615163,182257242"
"223615163,184254447"
"223615163,185363669"
"223615163,185936936"
"223615163,4712178"
"223622978,10020481"
"223622978,188674260"
"223622978,87066502"
"223622978,44494352"
"223622978,187969018"
"223622978,14136049"
"223622978,191136992"
"223622978,191438666"
"223622978,8248252"
"223622978,187823211"
"223628783,140401312"
"223628783,11776501"
"223628783,186248883"
"223628783,187094368"
"223628783,163002382"
"223628783,150428692"
"223628783,184566382"
"223651693,63593112"
"223651693,12876465"
"223651693,188911603"
"223651693,166911852"
"223651693,646206"
"223651693,5977224"
"223651693,102379022"
"223651693,33230142"
"223651693,7962416"
"223652600,180850782"
"223652600,191002212"
"223652600,186956658"
"223652600,191071046"
"223656136,188177028"
"223656136,154281602"
"223656136,188647706"
"223656136,186076830"
"223656136,190257873"
"223656136,98750782"
"223656136,191409263"
"223677461,92754342"
"223677461,181865142"
"223677461,188117270"
"223677461,1267503"
"223677461,188129780"
"223677461,66654112"
"223677461,10610606"
"223677461,185778655"
"223677461,187673885"
"223677461,10871257"
"223680883,184985209"
"223680883,9472186"
"223680883,190145515"
"223688079,44500842"
"223688079,186317384"
"223688079,120266332"
"223688319,70906442"
"223688319,188381803"
"223688319,73741642"
"223688319,71157282"
"223688319,159559612"
"223688319,186289878"
"223688319,152884612"
"223688319,81693782"
"223688319,185520320"
"223688319,119975132"
"223688319,188528754"
"223688319,140941722"
"223688319,125417982"
"223688319,9366204"
"223688319,163764302"
"223688319,169868772"
"223688319,86699342"
"223688319,9445741"
"223688319,95100652"
"223688319,183766249"
"223688319,163542382"
"223688319,112482532"
"223688319,190011341"
"223688319,12059650"
"223688319,182797382"
"223688319,84989422"
"223688319,5345583"
"223688319,190224606"
"223688319,136340012"
"223688319,190464064"
"223688319,126656242"
"223688319,11136205"
"223688319,9550152"
"223688319,19433511"
"223688319,92442612"
"223688319,45518552"
"223688319,190166348"
"223688319,103349792"
"223688319,12708817"
"223688319,189744988"
"223688319,190353518"
"223688319,190597933"
"223688319,185277498"
"223688319,9410825"
"223688319,35832842"
"223688319,190735580"
"223688319,189280383"
"223716146,9891047"
"223716146,10006514"
"223716146,135414782"
"223716146,189356261"
"223716146,75146332"
"223716146,189528902"
"223716146,11660869"
"223716146,144975022"
"223716146,33331452"
"223735600,73408112"
"223735600,188519871"
"223735600,22166341"
"223735600,55914422"
"223736102,6961497"
"223736102,189514901"
"223736102,183180225"
"223736102,185404681"
"223736102,190542389"
"223736102,185472059"
"223736102,98025972"
"223736102,9891047"
"223736102,144975022"
"223736102,106592342"
"223736102,103763912"
"223736102,190224807"
"223736102,189243213"
"223736102,188532785"
"223736102,5335213"
"223736102,5104146"
"223738597,234167"
"223738597,150172842"
"223738597,117191282"
"223738597,71915432"
"223738597,182655695"
"223738597,182998465"
"223738597,174323022"
"223738597,25285352"
"223738597,185291132"
"223738597,187273605"
"223738597,12035361"
"223738597,48725412"
"223738597,150797922"
"223738597,185606716"
"223738597,155770122"
"223744728,169498332"
"223744728,23907462"
"223744728,9496944"
"223744728,87408622"
"223744728,185606716"
"223744728,1624489"
"223744728,183972319"
"223744728,172512982"
"223744728,88513672"
"223744728,178294152"
"223744728,10871942"
"223744728,85375742"
"223744728,70834652"
"223744728,140539182"
"223744728,155770122"
"223744728,91931232"
"223744728,698849"
"223744728,102379022"
"223744728,106996062"
"223744728,182675942"
"223744728,67170462"
"223744728,93735062"
"223744728,190061891"
"223744728,191134309"
"223744728,184779332"
"223744728,191144274"
"223744728,91563412"
"223744728,136842352"
"223744728,72447702"
"223744728,86318312"
"223744728,22841681"
"223744728,103284482"
"223744728,12098572"
"223744728,74485712"
"223744728,97757622"
"223744728,40754392"
"223744728,20880391"
"223744728,132107882"
"223744728,183950440"
"223744728,184550639"
"223744728,191234330"
"223744728,187245563"
"223745022,146008992"
"223745022,88641822"
"223745022,115295182"
"223745022,12704142"
"223745022,39530242"
"223745022,39292572"
"223745022,172039502"
"223745022,13827417"
"223745022,67001482"
"223745352,146008992"
"223745352,18146861"
"223745352,12781484"
"223745352,34589882"
"223745352,11814647"
"223749701,121446462"
"223749701,134122582"
"223749701,176409592"
"223749701,148547962"
"223749701,40082382"
"223749701,5540183"
"223749701,145417082"
"223749701,25416482"
"223749701,6190681"
"223749701,8740644"
"223749701,132416102"
"223749701,3494265"
"223749701,20719921"
"223749708,121446462"
"223749708,176409592"
"223749708,148547962"
"223749708,20719921"
"223749708,133858892"
"223749708,130150432"
"223749708,56893362"
"223749708,14502675"
"223749708,189477586"
"223749708,191320986"
"223749708,191441957"
"223749708,168356482"
"223749708,1403885"
"223749708,2889655"
"223749708,123173392"
"223749708,5540183"
"223749708,40082382"
"223749708,3494265"
"223749708,42305482"
"223749708,14406673"
"223749708,159367232"
"223749708,6190681"
"223749708,110397202"
"223749708,132416102"
"223762436,67857012"
"223762436,65488192"
"223762436,14484149"
"223762436,7127857"
"223762436,129655832"
"223762436,14344080"
"223762436,14080684"
"223762436,160589762"
"223764046,4064133"
"223764046,188982105"
"223764046,186543889"
"223764046,4259399"
"223767093,76844292"
"223767093,136914502"
"223767093,12937388"
"223767093,39358872"
"223767093,83050032"
"223767093,77976052"
"223767093,12395765"
"223767093,187499371"
"223767093,84337412"
"223767093,83491002"
"223767093,3735594"
"223767093,188547412"
"223767093,72444322"
"223767093,183020698"
"223767093,81390362"
"223767093,151684302"
"223767103,76844292"
"223767103,84337412"
"223767103,119519002"
"223767103,136595632"
"223767103,12395765"
"223767103,82928382"
"223767103,77976052"
"223767103,149501842"
"223767103,3735594"
"223767103,109905562"
"223767103,83050032"
"223767103,183020698"
"223767103,72444322"
"223767103,122414542"
"223767103,136914502"
"223767103,80827912"
"223767103,81438722"
"223767103,9724419"
"223767103,81390362"
"223767103,177944032"
"223770928,12507380"
"223770928,151996962"
"223770928,138109182"
"223770928,154443852"
"223770928,8211443"
"223770928,89670462"
"223770928,33002142"
"223770928,4896371"
"223770928,3530073"
"223770928,46090642"
"223770928,13797746"
"223770928,55968752"
"223773333,2550476"
"223773333,77353132"
"223773333,44535022"
"223773333,107208532"
"223773333,190451513"
"223785168,62953242"
"223785168,129447592"
"223785168,120608022"
"223785168,188506141"
"223785168,175257572"
"223785168,9175639"
"223785168,128822672"
"223785168,183000872"
"223785168,63372082"
"223785168,125352192"
"223785168,184232054"
"223785168,188558663"
"223785168,183478329"
"223786267,10858362"
"223786267,85356822"
"223786267,155138162"
"223786267,149030712"
"223786267,8155904"
"223786267,10955866"
"223786267,34740122"
"223786267,130684042"
"223786267,190867616"
"223786267,8137255"
"223793731,15905151"
"223793731,107040432"
"223793731,40931002"
"223793731,3695990"
"223793731,10851659"
"223814159,119008392"
"223814159,22055931"
"223814159,86854742"
"223814159,72916582"
"223814159,18028311"
"223814159,8385778"
"223814159,9627158"
"223816275,598511"
"223816275,10214849"
"223816275,6036085"
"223816275,51131402"
"223816275,78196412"
"223816275,11839523"
"223816275,20953381"
"223816275,59296612"
"223816275,58492122"
"223816275,184041846"
"223816275,18635691"
"223816275,187833606"
"223816275,17068321"
"223816275,130596532"
"223817560,150927642"
"223817560,61202112"
"223817560,185312924"
"223817560,95292832"
"223817560,149211802"
"223817560,49729832"
"223817591,150927642"
"223817591,14164327"
"223817591,186153502"
"223817591,189419360"
"223817591,188444461"
"223817591,125399072"
"223817591,123870"
"223817591,182661751"
"223817591,130442382"
"223817591,55314132"
"223817591,127646872"
"223817591,61202112"
"223817591,50773842"
"223817591,153035452"
"223817591,62401312"
"223819452,8411120"
"223819452,141713162"
"223820065,10277392"
"223820065,127697272"
"223820065,97817522"
"223820065,183556920"
"223820065,174975022"
"223820065,100905342"
"223820065,190132000"
"223820065,189488758"
"223820065,8912203"
"223820065,79540292"
"223820065,8594882"
"223835413,15905151"
"223835413,10851659"
"223835413,89170762"
"223835413,141209932"
"223835413,190730849"
"223835413,190735992"
"223835413,190748968"
"223839628,108457202"
"223839628,132107882"
"223839628,95590832"
"223839628,120240442"
"223839628,189749200"
"223839628,129510412"
"223839628,183346158"
"223839628,174987962"
"223839628,185701988"
"223839628,190445947"
"223839628,136842352"
"223839628,25285352"
"223839628,124626082"
"223839628,134157602"
"223839628,30142392"
"223839628,125896622"
"223841561,83275652"
"223841561,161429822"
"223841561,183919802"
"223841561,13294668"
"223868282,92754342"
"223868282,185679283"
"223868282,181865142"
"223868282,181643652"
"223868282,186954701"
"223868282,10610606"
"223868282,188211602"
"223868282,149550222"
"223868282,35744012"
"223868282,157061692"
"223868282,186316099"
"223868282,190463861"
"223868282,77134092"
"223868282,187689138"
"223868282,185135497"
"223868282,156912262"
"223868282,1267503"
"223868282,144287492"
"223868282,154140192"
"223868282,187972600"
"223868282,114030812"
"223868282,187280312"
"223868282,188129780"
"223868282,106786692"
"223880757,119705792"
"223880757,85178362"
"223880757,3921739"
"223880757,186325424"
"223885410,69363342"
"223885410,147858952"
"223885410,86253922"
"223890951,14139600"
"223890951,145751942"
"223890951,189469520"
"223890951,92174092"
"223890951,125082882"
"223890951,82863902"
"223890951,933007"
"223890951,60180752"
"223890951,13660759"
"223890951,89108252"
"223890951,158935872"
"223890951,190846580"
"223890951,187823211"
"223890951,95903822"
"223898098,10662676"
"223898098,154126182"
"223898098,13058454"
"223898098,188519871"
"223898098,5592549"
"223898098,189356737"
"223898098,187969018"
"223898098,52545892"
"223898098,76357952"
"223898098,190712658"
"223898098,173917912"
"223898098,9126627"
"223898098,183500861"
"223898098,130541992"
"223920838,137099852"
"223920838,10065646"
"223920838,11651807"
"223923123,87546712"
"223923123,15038591"
"223923123,9066784"
"223923123,33578832"
"223923123,21329831"
"223940456,10758789"
"223940456,105123472"
"223940456,3598619"
"223956716,41240812"
"223956716,126787992"
"223956716,136967552"
"223956716,9841670"
"223958580,184444841"
"223958580,66387142"
"223958580,12326584"
"223958580,9076626"
"223961887,13856850"
"223961887,187655306"
"223961887,12551593"
"223961887,11772738"
"223961887,9609762"
"223961887,190011341"
"223961887,62604432"
"223961887,55765652"
"223961887,186166276"
"223961887,63506502"
"223961887,157427862"
"223961887,6808965"
"223961887,151871202"
"223973539,70906442"
"223973539,189607800"
"223973539,81693782"
"223973539,190011341"
"223973539,71157282"
"223973539,73741642"
"223973539,182518456"
"223973539,138109182"
"223973539,182047022"
"223973539,187652280"
"223973539,169868772"
"223973539,188085176"
"223973539,156002282"
"223973539,189374418"
"223973539,84989422"
"223973539,188765690"
"223973539,9550152"
"223973539,185048453"
"223973539,186844816"
"223973539,163764302"
"223973539,9445741"
"223973539,86699342"
"223973539,95100652"
"223973539,185277498"
"223973539,125417982"
"223973539,163542382"
"223973539,92442612"
"223973539,190799099"
"223973539,9366204"
"223973539,112482532"
"223973539,184566382"
"223973539,144975022"
"223973539,182547280"
"223973539,190212647"
"223973539,174268132"
"223973539,158372552"
"223973539,64889302"
"223973539,60180752"
"223973539,104628372"
"223973539,14173868"
"223973539,60331192"
"223973539,3243301"
"223973539,11552755"
"223973539,159559612"
"223973539,189355441"
"223973539,174758922"
"223973539,190980921"
"223973539,73726712"
"223973539,191252391"
"223973539,183766249"
"223973539,191267855"
"223973539,183035733"
"223973539,188981398"
"223973539,126656242"
"223973539,65427322"
"223973539,190166348"
"223973539,184298221"
"223973539,165639872"
"223973539,191274614"
"223973539,190901944"
"223973539,4307238"
"223973539,122026282"
"223973539,122225642"
"223973539,149986742"
"223973539,12104449"
"223973539,189727446"
"223973539,84062542"
"223973539,56357512"
"223973539,191360979"
"223973539,4024788"
"223977982,51378442"
"223977982,10858362"
"223977982,174987962"
"223977982,8155904"
"223977982,155770122"
"223977982,13431396"
"223977982,180190032"
"223977982,17068321"
"223977982,72338682"
"223977982,59296612"
"223992811,19293821"
"223992811,51880642"
"223992811,66387142"
"223992811,2351962"
"223992811,55399742"
"223992811,185290836"
"223992811,26125002"
"223992811,7846620"
"223992811,129727872"
"223992811,9560200"
"223992811,33355382"
"223996210,4171693"
"223996210,184444841"
"223996210,186829125"
"223996210,81523582"
"223996210,61087202"
"223996210,188991824"
"223996210,94490582"
"223996210,56893362"
"223996210,190521963"
"223996210,19972051"
"224008671,13740677"
"224008671,185534376"
"224008671,186487341"
"224008671,91910432"
"224008671,125001302"
"224008671,71144892"
"224008991,185534376"
"224008991,186487341"
"224008991,15738001"
"224009461,183382961"
"224009461,188489787"
"224009461,188607516"
"224009461,190087832"
"224009461,176060752"
"224009461,189199899"
"224016992,142730992"
"224016992,184805949"
"224016992,187908473"
"224017162,142730992"
"224017162,184805949"
"224017162,190593102"
"224017162,62881552"
"224017162,187908473"
"224017162,13856609"
"224017195,142730992"
"224017195,184805949"
"224017195,184815442"
"224022349,74139662"
"224022349,189137824"
"224022349,68245542"
"224022349,37694302"
"224022349,144975022"
"224022349,188712238"
"224022349,90146912"
"224027233,96416772"
"224027233,112450602"
"224027233,130442382"
"224027233,45195972"
"224027233,45297502"
"224027233,36588322"
"224027233,44529432"
"224027233,58089202"
"224027233,95165922"
"224027233,2335432"
"224027233,99496252"
"224027233,17022411"
"224027233,187243552"
"224027233,191044498"
"224027233,12404354"
"224027233,189644995"
"224027233,24461162"
"224027233,190850533"
"224027233,191286282"
"224027233,8137138"
"224027233,144941702"
"224027233,9015057"
"224027233,11786246"
"224027233,12696051"
"224032167,8723581"
"224032167,112450602"
"224032167,123991302"
"224032167,61202112"
"224032167,104381632"
"224032167,58089202"
"224032167,45195972"
"224032167,41453512"
"224032167,84340002"
"224032167,11018205"
"224032167,73726712"
"224032167,183495142"
"224032167,1916736"
"224032167,146353832"
"224032167,72841412"
"224035182,183538725"
"224035182,45297502"
"224035182,114572062"
"224035182,186544947"
"224035182,53599852"
"224035182,189839912"
"224035182,191372920"
"224035182,189004086"
"224035182,177821592"
"224035182,140301932"
"224035182,174337862"
"224035182,188140099"
"224035182,146151852"
"224035182,158372552"
"224035182,190679394"
"224035182,68245542"
"224035182,191512811"
"224035182,189477586"
"224035182,14080684"
"224035182,83677612"
"224037299,51880642"
"224037299,4464251"
"224037299,3530073"
"224037299,104833082"
"224037299,84409492"
"224037299,10020481"
"224037299,4785142"
"224037299,9659081"
"224037648,51880642"
"224037648,3214874"
"224037648,7846620"
"224037648,3530073"
"224037648,184444841"
"224037648,129841602"
"224037648,4464251"
"224037648,4468896"
"224038722,119705792"
"224038722,2238169"
"224038722,183868757"
"224038722,5648118"
"224041463,185404681"
"224041463,81523582"
"224041463,132400532"
"224041463,52545892"
"224041463,115066192"
"224043472,186217264"
"224043472,108481672"
"224043472,62504242"
"224043472,183898088"
"224043472,129655832"
"224043472,187969018"
"224044455,8211443"
"224044455,132595582"
"224044455,184444841"
"224044455,135889202"
"224044455,60073902"
"224044455,1910572"
"224044455,49198552"
"224044455,104259782"
"224044455,155772152"
"224044455,179940942"
"224044455,186354772"
"224044455,185812142"
"224044455,4133433"
"224044602,132759772"
"224044602,96795822"
"224044602,5177006"
"224044602,149000652"
"224044602,8460171"
"224044602,154896032"
"224044602,126225452"
"224044602,153968192"
"224044602,111951412"
"224044602,183179880"
"224044602,109820152"
"224044602,191636784"
"224047412,85499292"
"224047412,8491195"
"224047412,189962237"
"224047412,11018205"
"224047412,189601889"
"224047412,31175732"
"224048853,92211742"
"224048853,146008992"
"224048853,173602232"
"224048853,375740"
"224054799,8166953"
"224054799,9416822"
"224054799,5371899"
"224054799,85384162"
"224054799,22231071"
"224054799,101383592"
"224054799,183222160"
"224054799,149986742"
"224054799,190166348"
"224054799,184640185"
"224054799,138109182"
"224054799,184257475"
"224054799,60331192"
"224054799,14324060"
"224054799,8630789"
"224055007,184839555"
"224055007,190871684"
"224055007,184958953"
"224064004,185534376"
"224064004,125001302"
"224064004,183955817"
"224064004,67068872"
"224064004,91910432"
"224064004,33138662"
"224064004,186487341"
"224064004,14514222"
"224064004,9634627"
"224071825,188911380"
"224071825,191126079"
"224071825,188973235"
"224072582,13740677"
"224072582,24360092"
"224072582,125001302"
"224072582,91910432"
"224072582,84609422"
"224072582,6892029"
"224072582,191280508"
"224072582,191405632"
"224072582,42135942"
"224072699,10758789"
"224072699,105123472"
"224072699,190169140"
"224072699,9672736"
"224072699,133731382"
"224072699,7828321"
"224072699,40600502"
"224073587,3530073"
"224073587,40896"
"224073587,185439901"
"224073587,190300620"
"224073587,11659459"
"224073587,143469422"
"224073587,190274876"
"224075612,9507281"
"224075612,88196452"
"224075612,146982692"
"224075825,9507281"
"224075825,12930899"
"224075825,153001582"
"224075825,146982692"
"224075825,190006867"
"224075825,11018205"
"224075825,19972051"
"224075825,72550052"
"224083346,125082882"
"224083346,107958772"
"224083346,185506581"
"224084614,107452292"
"224084614,138873632"
"224084614,190124596"
"224084614,190456906"
"224091986,2171754"
"224091986,23798512"
"224091986,11776501"
"224091986,187986797"
"224091986,106332202"
"224091986,190006867"
"224091986,131795612"
"224091986,52545892"
"224091986,191086245"
"224091986,22488331"
"224091986,6090748"
"224091986,187324757"
"224091986,113621812"
"224092005,2171754"
"224092005,154896032"
"224092005,189419360"
"224092861,182480188"
"224092861,182817372"
"224092861,54094182"
"224092861,28405752"
"224092861,189994438"
"224092861,190660065"
"224092861,9570377"
"224092861,37729022"
"224092861,121699282"
"224093126,182480188"
"224093126,54094182"
"224093126,189510398"
"224093126,3250973"
"224093126,28405752"
"224093126,9570377"
"224095427,160243042"
"224095427,183222160"
"224095427,189485605"
"224095427,68033622"
"224095427,10065646"
"224095996,5519886"
"224095996,79110322"
"224095996,3622754"
"224095996,12990692"
"224095996,129477922"
"224095996,134524082"
"224095996,171585552"
"224095996,189110548"
"224095996,100186532"
"224095996,72390082"
"224095996,185610975"
"224095996,187338711"
"224095996,190353518"
"224095996,114743652"
"224095996,189202511"
"224100799,132759772"
"224100799,153968192"
"224100799,109820152"
"224100799,154896032"
"224100799,183179880"
"224100799,191636784"
"224101770,90728272"
"224101770,92740142"
"224101770,71983412"
"224101770,49573552"
"224101770,188645454"
"224101770,183957083"
"224101770,36524332"
"224101770,11008218"
"224101770,58719802"
"224101770,62084532"
"224101770,75190772"
"224101770,105297262"
"224101770,14111348"
"224101770,187011208"
"224101770,89498412"
"224101770,155349902"
"224101770,183663142"
"224101770,25977232"
"224101770,161536992"
"224101770,54926862"
"224101770,190022752"
"224101770,2600888"
"224101770,141516392"
"224101770,66866142"
"224101770,3062658"
"224101770,11807550"
"224101770,187314099"
"224101770,190302499"
"224101770,188306287"
"224101770,69710882"
"224101770,146405982"
"224101770,97594282"
"224101770,40087422"
"224101770,2384416"
"224101770,105787102"
"224101770,140992692"
"224101770,190494785"
"224101770,182856103"
"224101770,148195282"
"224101770,106723582"
"224101770,189585595"
"224101770,190606675"
"224101770,51890692"
"224101770,189100267"
"224101770,26665622"
"224101770,84857002"
"224101770,58588062"
"224101770,10109252"
"224101770,185158984"
"224101770,182898295"
"224101770,4760932"
"224101770,47330612"
"224101770,34460452"
"224101770,71630852"
"224101770,143763542"
"224101770,21381881"
"224101770,138522122"
"224101770,191011393"
"224101770,117228682"
"224101770,161549632"
"224101770,185159335"
"224101770,191129935"
"224105825,66486022"
"224105825,12572141"
"224105825,178084822"
"224105825,15905151"
"224106146,185404681"
"224106146,106163782"
"224106146,16095171"
"224106146,25864122"
"224106146,184280572"
"224106146,185473166"
"224106146,33048202"
"224106146,183955698"
"224106146,52545892"
"224106146,8544889"
"224109760,119589762"
"224109760,126270982"
"224109760,13173615"
"224109760,182626251"
"224109760,10851208"
"224109760,189324970"
"224109760,126399872"
"224109760,139291432"
"224109760,188919754"
"224119569,126435362"
"224119569,42360352"
"224119569,189975187"
"224119569,183868757"
"224119569,180783162"
"224119569,73015662"
"224119569,91029162"
"224119569,5766662"
"224119569,190674634"
"224119569,184445959"
"224119569,129655832"
"224119569,190785464"
"224119569,82973842"
"224119569,189929550"
"224119569,189353900"
"224119569,138716662"
"224119569,5624855"
"224119569,23665001"
"224130289,186706248"
"224130289,12738659"
"224130289,12480275"
"224130289,186317384"
"224130289,31497642"
"224131189,98522552"
"224131189,45297502"
"224131189,189747926"
"224131189,94504402"
"224131189,8723581"
"224131189,136580202"
"224131189,114245052"
"224131189,190665486"
"224131189,158372552"
"224131189,189356261"
"224131189,96308592"
"224131189,185166889"
"224131189,150912622"
"224131189,13108243"
"224133624,45297502"
"224133624,125025792"
"224133624,30326612"
"224133624,102827722"
"224133624,153432902"
"224133624,2335432"
"224133624,72727032"
"224133624,45195972"
"224133624,10702207"
"224133624,8723581"
"224133624,190144225"
"224133624,182557453"
"224133624,10112314"
"224133624,136580202"
"224133624,187956095"
"224133624,187243552"
"224133624,185582713"
"224133624,13108243"
"224134620,187861157"
"224134620,12098572"
"224134620,7796522"
"224134620,92967432"
"224136441,5624855"
"224136441,5053120"
"224136441,132405962"
"224136441,8503037"
"224136441,37475332"
"224136441,189235693"
"224136441,190230178"
"224136565,5624855"
"224136565,1595992"
"224136565,146982692"
"224136565,188137722"
"224136565,132405962"
"224136565,25922602"
"224136597,5624855"
"224136597,108194432"
"224136597,9507281"
"224136597,9560200"
"224136597,187997258"
"224136597,93275712"
"224136597,25922602"
"224136597,185611252"
"224136597,14192344"
"224136644,5624855"
"224136644,108194432"
"224136644,9507281"
"224136644,156201152"
"224136644,109572792"
"224136644,112450602"
"224136667,5624855"
"224136667,189235693"
"224136667,8503037"
"224136667,146982692"
"224136667,72344802"
"224136919,33355382"
"224136919,1020284"
"224136919,182646271"
"224136919,102474112"
"224136919,190779785"
"224136919,12814265"
"224141871,186745571"
"224141871,180783162"
"224141871,176063732"
"224146172,55897132"
"224146172,92211742"
"224146172,183220289"
"224150584,106262472"
"224150584,130569552"
"224150584,9541983"
"224150584,113783482"
"224150584,72833752"
"224150584,17978551"
"224150584,118573392"
"224150584,189357594"
"224150584,190550758"
"224150584,144237222"
"224150584,186461209"
"224150584,17500411"
"224150584,13301582"
"224150584,166606862"
"224150584,134629812"
"224150584,182072662"
"224150584,185152872"
"224150584,185053012"
"224150584,945549"
"224151018,11776501"
"224151018,1595992"
"224151018,184566382"
"224151826,12738659"
"224151826,50244922"
"224151826,116593842"
"224151826,185404681"
"224151826,186317384"
"224151826,31497642"
"224151826,191292085"
"224158317,17324221"
"224158317,130150432"
"224158317,5648118"
"224158317,7828321"
"224158317,184359363"
"224158317,190761073"
"224165813,13740677"
"224165813,183955817"
"224165813,186487341"
"224165813,185534376"
"224165813,91910432"
"224165813,67068872"
"224165813,15738001"
"224167603,8491195"
"224167603,25235772"
"224167603,104381632"
"224167603,35225562"
"224167603,56736122"
"224167603,136340012"
"224167603,148799172"
"224167603,9410825"
"224167603,100613642"
"224167603,183443648"
"224167603,114415412"
"224167603,9545169"
"224167603,48434802"
"224167603,78645452"
"224167603,9370635"
"224167603,182524524"
"224167603,11018205"
"224167603,47705962"
"224167603,98591432"
"224167603,68421572"
"224167603,76684522"
"224168575,30472212"
"224168575,108481672"
"224168575,112450602"
"224168575,189751838"
"224168575,149030712"
"224168575,190470618"
"224168575,188223279"
"224168591,6961497"
"224168591,155977442"
"224168591,68530032"
"224168591,134455792"
"224168591,183180225"
"224168591,106592342"
"224168591,190405194"
"224168591,189330247"
"224168591,188223279"
"224168591,185472059"
"224168591,11640613"
"224168591,191195976"
"224168591,190017119"
"224168591,182691969"
"224168591,191308012"
"224168591,188140099"
"224169313,2674165"
"224169313,9755932"
"224169313,156196692"
"224169313,40600502"
"224169313,87909752"
"224169313,12499115"
"224169313,13315275"
"224169313,9846294"
"224170688,7770989"
"224170688,24959782"
"224170688,44494352"
"224170688,10020481"
"224170688,2728600"
"224170688,1152738"
"224170688,1831456"
"224170688,10984220"
"224170688,8544889"
"224170688,186648161"
"224175620,13007776"
"224175620,187165663"
"224175620,191540477"
"224175620,106346342"
"224175620,182972539"
"224175620,191154966"
"224175620,190022752"
"224175620,11292534"
"224175620,54058602"
"224175620,117670762"
"224175620,127269602"
"224175620,188599265"
"224175620,191874939"
"224176626,45297502"
"224176626,185471315"
"224176626,8723581"
"224176626,136580202"
"224176626,162646132"
"224176626,80125292"
"224176626,53599852"
"224176626,114245052"
"224176626,189486025"
"224176626,96480262"
"224176626,184795486"
"224176626,154610042"
"224176626,17022411"
"224176626,186544947"
"224176626,189574770"
"224176626,115371482"
"224176626,126583202"
"224176626,182733275"
"224176626,161473912"
"224176626,15426201"
"224176626,68245542"
"224176626,189367562"
"224176626,190671653"
"224176626,8137138"
"224176626,83677612"
"224176626,64514472"
"224176626,152967442"
"224176626,158176062"
"224176626,103284482"
"224176626,189747926"
"224176626,11640613"
"224176641,13067661"
"224176641,115471322"
"224176641,182920336"
"224176641,181563582"
"224176641,131774782"
"224179476,5519886"
"224179476,12395765"
"224179476,21879931"
"224179476,190190785"
"224179476,189922118"
"224179476,169555622"
"224179476,107871032"
"224179476,100186532"
"224179476,121973372"
"224179476,134524082"
"224179476,12426678"
"224179476,185391682"
"224179476,72390082"
"224179476,190353518"
"224179476,13006208"
"224179476,33951412"
"224179488,5519886"
"224179488,33951412"
"224179488,29834482"
"224179488,72390082"
"224179488,185391682"
"224179488,13006208"
"224179488,44205362"
"224179488,182479256"
"224179488,21879931"
"224179488,100186532"
"224179488,190550450"
"224179488,86828742"
"224179488,191274867"
"224179488,191320455"
"224179488,158229022"
"224179488,61139862"
"224179488,115194442"
"224179488,190353518"
"224179488,79110322"
"224179488,12436492"
"224179527,5519886"
"224179527,33951412"
"224179527,23865992"
"224179527,12744954"
"224179527,100186532"
"224179527,134524082"
"224179527,44205362"
"224179527,13006208"
"224179527,717149"
"224179527,185610975"
"224179587,5519886"
"224179587,23865992"
"224179587,100186532"
"224179587,21879931"
"224179587,12395765"
"224179587,158229022"
"224179587,96480262"
"224179587,189957410"
"224179587,184314917"
"224183878,7828321"
"224183878,12013535"
"224183878,184359363"
"224183878,9891047"
"224183878,189477586"
"224183878,160581702"
"224183878,7239884"
"224183878,148982912"
"224183878,168101762"
"224183878,130150432"
"224183878,52790712"
"224183878,146151852"
"224183878,107915702"
"224183878,51669272"
"224183878,190761073"
"224183878,191001788"
"224183878,55338002"
"224184237,11175121"
"224184237,55026132"
"224184237,116593842"
"224184237,176247962"
"224184237,188607516"
"224184237,182746328"
"224184237,190835352"
"224185571,186810746"
"224185571,40896"
"224185571,190405194"
"224187147,8922112"
"224187147,49813702"
"224187147,183810377"
"224187147,17022411"
"224187177,146008992"
"224187177,11566084"
"224187177,13569325"
"224187177,62955072"
"224187177,190524223"
"224187298,5658332"
"224187298,184543266"
"224187298,154744862"
"224187298,12218690"
"224187298,4024788"
"224187298,190882106"
"224187298,190236299"
"224187298,113905002"
"224189968,140119232"
"224189968,190400688"
"224189968,165972782"
"224189981,140119232"
"224189981,190712658"
"224189981,52545892"
"224189981,6497826"
"224190000,140119232"
"224190000,118846442"
"224190000,53442012"
"224190220,140119232"
"224190220,136340012"
"224190220,65607412"
"224190220,179490122"
"224190220,187582312"
"224190220,94490582"
"224190220,63067542"
"224190220,191009448"
"224190220,3289515"
"224190220,152298442"
"224190220,114415412"
"224190220,13171040"
"224192667,2550476"
"224192667,183488058"
"224192667,158413252"
"224192667,187262641"
"224192667,94503512"
"224192667,95292832"
"224192667,182943157"
"224192667,183463704"
"224192667,186275841"
"224194870,7974575"
"224194870,13363447"
"224194870,107208532"
"224194870,146006712"
"224194870,185278824"
"224194870,65807692"
"224197955,2550476"
"224197955,93902302"
"224197955,107208532"
"224197955,189865226"
"224197955,55069802"
"224197955,77353132"
"224197955,13363447"
"224197955,146006712"
"224204561,8291855"
"224204561,66763322"
"224204561,189346517"
"224204561,188775881"
"224204561,57794862"
"224204561,187339322"
"224204561,156699492"
"224204561,7413467"
"224204561,190822086"
"224204561,12976741"
"224205397,9746510"
"224205397,13358930"
"224205397,4578486"
"224205397,13984561"
"224205397,185407873"
"224205397,14263598"
"224205397,1756334"
"224205611,38500722"
"224205611,186153502"
"224205611,37475332"
"224205611,189235693"
"224205611,183477996"
"224205611,9631892"
"224205611,27364692"
"224205611,189751171"
"224205611,178987362"
"224205611,21906961"
"224205611,49729832"
"224205611,35832842"
"224205611,12104449"
"224205611,28464242"
"224205611,23078421"
"224205611,12452751"
"224205611,182797382"
"224205611,149986742"
"224205611,60331192"
"224205611,50773842"
"224205611,128213782"
"224205611,184640185"
"224205611,135873652"
"224205611,138109182"
"224205611,9506555"
"224205611,87865192"
"224205611,163351422"
"224205611,5527199"
"224205611,191055885"
"224206853,108457202"
"224206853,89859862"
"224206853,43426972"
"224206853,149030712"
"224206853,6612795"
"224206853,2698166"
"224206853,178815802"
"224206853,101925842"
"224206853,1662901"
"224206853,12572849"
"224206853,6627864"
"224206853,185606716"
"224206853,185701988"
"224206853,187245563"
"224207296,10504741"
"224207296,187522227"
"224207296,182516173"
"224207296,187407571"
"224207296,1940663"
"224207296,96421292"
"224207296,185611252"
"224207296,157270802"
"224207296,184566382"
"224207296,111423072"
"224207429,10504741"
"224207429,187407571"
"224207429,183900848"
"224207429,1940663"
"224207429,55696982"
"224207429,11996060"
"224207429,184566382"
"224207429,186360957"
"224207429,189797913"
"224207429,8565678"
"224207429,189524036"
"224207429,10112314"
"224207429,72841412"
"224207438,103800252"
"224207438,182602188"
"224207438,24437792"
"224207573,103800252"
"224207573,182817372"
"224207573,81693782"
"224207573,24437792"
"224207573,60868092"
"224207573,930434"
"224207573,158372552"
"224207573,187447588"
"224207573,78820882"
"224207573,144975022"
"224207573,86854742"
"224207573,134063492"
"224207573,65230392"
"224207573,191044573"
"224207573,22488331"
"224207573,190470618"
"224207573,183329805"
"224207573,87597442"
"224207598,103800252"
"224207598,182817372"
"224207598,10642211"
"224207598,98842092"
"224207598,183751353"
"224207598,108144882"
"224207598,1595992"
"224207598,184280572"
"224207598,116593842"
"224207598,3942483"
"224207755,10504741"
"224207755,12795677"
"224207755,132035102"
"224207755,72841412"
"224207755,25154712"
"224207755,189318432"
"224207755,182799261"
"224207777,103800252"
"224207777,136340012"
"224207777,108481672"
"224207777,105440162"
"224207777,61309752"
"224207777,78820882"
"224207777,144975022"
"224207777,60909632"
"224207777,189143625"
"224207891,103800252"
"224207891,86208202"
"224207891,187582312"
"224207891,112424162"
"224207891,115511422"
"224207929,103800252"
"224207929,136340012"
"224207929,81693782"
"224207929,52647572"
"224207929,112450602"
"224207929,185534376"
"224207929,62504242"
"224207929,183810377"
"224207929,37474992"
"224207929,87597442"
"224207929,189886858"
"224207929,65230392"
"224207929,56601842"
"224207929,163674102"
"224207929,37422772"
"224207929,65471782"
"224207929,78820882"
"224207929,10112314"
"224207929,127340762"
"224207929,121472032"
"224207929,109820152"
"224207929,113258562"
"224207929,188223279"
"224207943,103800252"
"224207943,187193919"
"224207943,114415412"
"224207943,178174732"
"224207943,134063492"
"224208034,103800252"
"224208034,182817372"
"224208034,12901047"
"224208034,62504242"
"224208034,185672186"
"224208034,114415412"
"224208034,8544889"
"224208034,3678343"
"224208417,11658080"
"224208417,190347933"
"224208417,189772536"
"224208417,190501316"
"224208417,190357100"
"224208417,17887951"
"224208417,17292781"
"224208417,677570"
"224208417,190575825"
"224208417,182528584"
"224208417,190728517"
"224208417,190096506"
"224208417,148131182"
"224213045,14416419"
"224213045,64676362"
"224213045,10549372"
"224213045,9585788"
"224213045,46280742"
"224213045,8631392"
"224213045,122017592"
"224213045,181874212"
"224213045,131155302"
"224213045,91782292"
"224213045,190257873"
"224213045,188654100"
"224213045,190639410"
"224213045,182557453"
"224213045,186624821"
"224213045,34330822"
"224213045,24905702"
"224213324,95634682"
"224213324,4896371"
"224213324,191284948"
"224213861,135126982"
"224213861,44205362"
"224213884,135126982"
"224213884,5592549"
"224213884,60868092"
"224213980,135126982"
"224213980,185404681"
"224213980,114743652"
"224215941,11481750"
"224215941,11432791"
"224215941,155628722"
"224215941,56180202"
"224215941,74846032"
"224215941,13078811"
"224215941,13783972"
"224215941,73970712"
"224215941,127485182"
"224215941,188773466"
"224215941,190920034"
"224218035,145975632"
"224218035,185473166"
"224218035,189642993"
"224218035,126513742"
"224218875,12013925"
"224218875,15038591"
"224218875,87546712"
"224218875,33578832"
"224218875,6632291"
"224218875,9066784"
"224218875,21329831"
"224220990,90967852"
"224220990,144465892"
"224220990,178965422"
"224220990,154414502"
"224220990,142033632"
"224220990,186132116"
"224220990,13142416"
"224220990,180592192"
"224220990,22166341"
"224220990,138884522"
"224220990,173320832"
"224220990,182188902"
"224220990,182624913"
"224220990,31205832"
"224220990,87538292"
"224220990,145183352"
"224221031,90967852"
"224221031,178965422"
"224221031,187235481"
"224221031,154414502"
"224221031,142033632"
"224221031,186132116"
"224221031,13142416"
"224221031,138884522"
"224221031,182188902"
"224221031,87538292"
"224221031,136429132"
"224221031,92497422"
"224221031,173320832"
"224221031,31205832"
"224221031,188547920"
"224221328,5624855"
"224221328,182809626"
"224221328,9550152"
"224221328,156003552"
"224221328,186892375"
"224223171,183864614"
"224223171,112450602"
"224223171,185252940"
"224223171,138716662"
"224223171,190428784"
"224223171,184356330"
"224223271,5624855"
"224223271,186829125"
"224223271,189235693"
"224223271,129655832"
"224223271,66698572"
"224223271,114743652"
"224223271,60331192"
"224223271,9258557"
"224223271,87997852"
"224223381,144353562"
"224223381,9506555"
"224223381,21906961"
"224223381,132736162"
"224223381,81693782"
"224223381,35832842"
"224223381,38500722"
"224223381,190203067"
"224223381,5648118"
"224223381,184838867"
"224223381,189248851"
"224223381,190400688"
"224223381,190549040"
"224223381,74059882"
"224223381,60331192"
"224223381,185804183"
"224223381,134524082"
"224223381,138109182"
"224223381,112026112"
"224223381,152939442"
"224223381,87865192"
"224223381,191045554"
"224223381,8630789"
"224223436,163715032"
"224223436,190647060"
"224223436,176646382"
"224223436,132405962"
"224223436,173783542"
"224223436,138109182"
"224223457,5624855"
"224223457,108194432"
"224223457,188507258"
"224223457,186962092"
"224223457,182614772"
"224223457,11562073"
"224223457,144975022"
"224223457,187878183"
"224223457,38500722"
"224223457,190362578"
"224223457,6776093"
"224223457,191053400"
"224223474,41240812"
"224223474,31478862"
"224223474,190173705"
"224223474,191317736"
"224224592,9570377"
"224224592,40823872"
"224224592,82080602"
"224228582,5624855"
"224228582,108194432"
"224228582,26865142"
"224228582,186013720"
"224228582,102827722"
"224228582,108481672"
"224228582,135046052"
"224228582,2335432"
"224228582,14446631"
"224228582,12696051"
"224228582,189483363"
"224228582,72841412"
"224228582,10702207"
"224228582,14255599"
"224228582,17022411"
"224228582,111236542"
"224228582,123669592"
"224228738,5624855"
"224228738,108194432"
"224228738,129655832"
"224228738,187669021"
"224228738,9560200"
"224228738,185611252"
"224240843,67799812"
"224240843,183864614"
"224240843,72928712"
"224240843,103832022"
"224240843,185506581"
"224240843,30515622"
"224240843,101524752"
"224240843,189314142"
"224240843,72075542"
"224240843,183933977"
"224240843,190692218"
"224240843,190619210"
"224240843,40246742"
"224240843,191126079"
"224240843,165780072"
"224240843,186746283"
"224240843,106932092"
"224240843,33048202"
"224240843,187351747"
"224240843,11187827"
"224240843,11170333"
"224241209,4171693"
"224241209,186829125"
"224241209,12462168"
"224241209,12191043"
"224241209,119695462"
"224241209,190521963"
"224241209,184444841"
"224241209,56893362"
"224245303,2550476"
"224245303,13635796"
"224245303,190471717"
"224245303,58089202"
"224245303,107491982"
"224245303,14080684"
"224246247,12285156"
"224246247,40823872"
"224246247,174843322"
"224246247,187262641"
"224246247,183488058"
"224246247,116786332"
"224246247,13151584"
"224246247,107491982"
"224248573,5345067"
"224248573,186582353"
"224248573,129538592"
"224248573,182454574"
"224248573,159038072"
"224248573,82904842"
"224248573,12806601"
"224248573,49922422"
"224248573,106495732"
"224248573,144155062"
"224248573,188745540"
"224249478,57839502"
"224249478,6190681"
"224249478,111282722"
"224249576,104093572"
"224249576,92162892"
"224249576,108481672"
"224251695,10287639"
"224251695,101935762"
"224251695,66387142"
"224251695,27364692"
"224251695,13106857"
"224251695,85755812"
"224251695,190166348"
"224251695,94490582"
"224251695,21343731"
"224251695,9416822"
"224251695,14416233"
"224251695,60331192"
"224251695,163351422"
"224251695,154048492"
"224251695,37618812"
"224251695,12701661"
"224251695,74565752"
"224252040,10287639"
"224252040,85178362"
"224252040,12701661"
"224252040,118846442"
"224252040,190665486"
"224252040,60331192"
"224254369,187416129"
"224254369,43413702"
"224254369,148904082"
"224256626,8333103"
"224256626,98139762"
"224256626,124801892"
"224256626,185873810"
"224256626,73725782"
"224256626,187407571"
"224256626,53229212"
"224256626,189330488"
"224256626,189081320"
"224256926,33833002"
"224256926,109471382"
"224256926,7897533"
"224256926,35432522"
"224258634,6841125"
"224258634,178671952"
"224258634,25922602"
"224258634,32907982"
"224258634,130150432"
"224258634,5648118"
"224258634,9891047"
"224258634,144975022"
"224258634,11018205"
"224258634,190736641"
"224258634,111423072"
"224258634,3530073"
"224259555,677570"
"224259555,11366054"
"224259555,68677742"
"224259555,81456692"
"224259555,190172369"
"224259555,190501316"
"224259555,190357100"
"224259555,125606522"
"224259555,190877823"
"224259555,187751251"
"224259555,190883213"
"224261079,21342551"
"224261079,13666218"
"224261079,32546172"
"224261079,62597742"
"224261079,121344122"
"224261079,120686522"
"224261079,184807399"
"224262020,125082882"
"224262020,189469520"
"224262020,107958772"
"224262020,82863902"
"224262020,4374788"
"224262020,7229232"
"224262020,190785464"
"224262020,13935823"
"224262020,6983559"
"224262020,158935872"
"224265510,7511755"
"224265510,12499115"
"224265510,109471382"
"224266735,119589762"
"224266735,189388545"
"224266735,126399872"
"224266735,125618702"
"224266780,183897682"
"224266780,185093643"
"224266780,94503512"
"224266780,188980112"
"224269782,34504822"
"224269782,73408112"
"224269782,22166341"
"224269782,178084822"
"224269782,110542042"
"224269782,11175121"
"224269782,12572141"
"224269782,120686522"
"224269782,190146462"
"224269782,190717397"
"224269782,10540178"
"224269782,183719383"
"224269782,188991824"
"224269782,189175017"
"224269782,17045211"
"224269782,114216792"
"224269782,103800252"
"224269782,3186346"
"224269782,10902507"
"224269782,2131894"
"224269949,34504822"
"224269949,22166341"
"224269949,73408112"
"224269949,184832116"
"224269949,91372742"
"224269949,11175121"
"224269949,33048202"
"224269949,114216792"
"224269949,8844211"
"224270298,34504822"
"224270298,22166341"
"224270298,73408112"
"224270298,5371899"
"224270298,2669063"
"224270298,183815788"
"224270298,10902507"
"224270298,188991824"
"224270298,11175121"
"224270298,114216792"
"224270298,5345067"
"224270324,34504822"
"224270324,22166341"
"224270324,73408112"
"224270324,114743652"
"224270324,178084822"
"224270324,12749473"
"224270324,58322362"
"224270324,9560200"
"224270324,40445792"
"224270324,3622787"
"224270324,4889838"
"224270324,11175121"
"224270324,191733258"
"224270324,183582880"
"224270324,6900506"
"224276238,2550476"
"224276238,95292832"
"224276238,158413252"
"224276238,9570377"
"224276238,116786332"
"224276238,55069182"
"224276238,94503512"
"224276238,183488058"
"224281840,9668301"
"224281840,10026470"
"224281840,40445792"
"224281840,108481672"
"224281840,5658332"
"224281840,133747152"
"224282270,14139600"
"224282270,188647706"
"224282270,12032066"
"224284504,10758789"
"224284504,19503181"
"224284504,7754822"
"224284504,9672736"
"224284504,133731382"
"224284504,7828321"
"224286462,2550476"
"224286462,13635796"
"224286462,190471717"
"224286462,58089202"
"224286462,160735752"
"224286462,14080684"
"224286462,190893954"
"224287265,119589762"
"224287265,127632052"
"224287265,86070062"
"224287265,10851208"
"224287265,126270982"
"224287265,126399872"
"224290857,4639188"
"224290857,178671952"
"224290857,5624855"
"224290857,33887652"
"224290857,9506555"
"224290857,95236582"
"224290857,186070858"
"224290857,191308012"
"224290857,106891862"
"224291019,4639188"
"224291019,190665486"
"224291019,148666852"
"224291577,15905151"
"224291577,14150466"
"224291577,10851659"
"224291577,82830082"
"224291577,37850432"
"224291577,166461492"
"224291577,3530558"
"224300230,598511"
"224300230,10214849"
"224300230,6036085"
"224300263,598511"
"224300263,10214849"
"224300263,6036085"
"224300263,9560200"
"224300263,189483363"
"224300263,5177006"
"224300347,598511"
"224300347,10214849"
"224300347,6036085"
"224300347,73764092"
"224307150,26099982"
"224307150,42450852"
"224307150,104437322"
"224308735,95292832"
"224308735,183897682"
"224308735,58089202"
"224308735,116786332"
"224308735,190893954"
"224309244,187272797"
"224309244,6612795"
"224309244,96308592"
"224309244,188208346"
"224309244,141332212"
"224309244,8932302"
"224309244,54415862"
"224309244,129621952"
"224309244,184776149"
"224309244,69363342"
"224309244,9895310"
"224309244,185040225"
"224309244,145183162"
"224310101,83275652"
"224310101,161429822"
"224310101,187438102"
"224310101,68908822"
"224310101,183919802"
"224310101,190686020"
"224310101,187375543"
"224310101,188275761"
"224310101,191412026"
"224312140,119556752"
"224312140,1149001"
"224312140,25792532"
"224312140,189649856"
"224312140,95352352"
"224312227,119556752"
"224312227,9560200"
"224312227,60868092"
"224312227,189649856"
"224316971,12279344"
"224316971,13343884"
"224316971,123395022"
"224316971,152406592"
"224316971,42366982"
"224319829,9231555"
"224319829,35225562"
"224319829,52545892"
"224320058,9231555"
"224320058,16173411"
"224320058,52545892"
"224320058,6776093"
"224320058,33887652"
"224320058,173844842"
"224320058,112778452"
"224320058,187166880"
"224320058,129873232"
"224320058,191372920"
"224323147,2550476"
"224323147,13635796"
"224323147,159215402"
"224323147,1937089"
"224323147,190471717"
"224326115,188911380"
"224326115,189117817"
"224326115,171732852"
"224326122,188911380"
"224326122,189117817"
"224326122,189579646"
"224326122,58946022"
"224326139,188911380"
"224326139,189579646"
"224326139,191399729"
"224332574,107452292"
"224332574,188228311"
"224332574,138873632"
"224332574,99030512"
"224332574,191098612"
"224333623,5624855"
"224333623,189883191"
"224333623,177519912"
"224333684,5624855"
"224333684,108194432"
"224333684,153432902"
"224333684,190527655"
"224333700,5624855"
"224333700,108194432"
"224333700,153432902"
"224334292,38250982"
"224334292,29902002"
"224334292,180783162"
"224334292,132405962"
"224334292,11659459"
"224334292,187700087"
"224334292,138109182"
"224334292,9294304"
"224334292,141202572"
"224334292,106891862"
"224334292,95236582"
"224334292,3963263"
"224334292,17022411"
"224334292,188839021"
"224336392,14189441"
"224336392,14333339"
"224336392,182887729"
"224336392,17323001"
"224336392,97173852"
"224336392,11615087"
"224337591,14189441"
"224337591,183222160"
"224337591,186829125"
"224337591,182887729"
"224337591,161020932"
"224337591,14153159"
"224337591,129075102"
"224337591,114947252"
"224337591,17323001"
"224340168,13735157"
"224340168,190363322"
"224340168,42510692"
"224340276,146008992"
"224340276,18146861"
"224340276,117576362"
"224340276,125136012"
"224340276,7074742"
"224340281,97872372"
"224340281,29830872"
"224340281,190877823"
"224340281,182588353"
"224340281,110861222"
"224340281,190501316"
"224340281,191053094"
"224340281,48305082"
"224348286,11658080"
"224348286,29830872"
"224348286,186136145"
"224348286,159070522"
"224348286,17887951"
"224348286,190877823"
"224348286,5948899"
"224348794,12285156"
"224348794,65144092"
"224348794,189190240"
"224348794,4622361"
"224348794,18196771"
"224348794,187262641"
"224348794,40823872"
"224348794,26125002"
"224352068,5624855"
"224352068,190503321"
"224352068,32907982"
"224352068,190461496"
"224352068,138716662"
"224352068,97565952"
"224352068,187969018"
"224352068,14316436"
"224352068,24536522"
"224352068,48434802"
"224352068,187645436"
"224352068,144975022"
"224352068,184410244"
"224352068,191140227"
"224352068,186007091"
"224352068,9366204"
"224352068,187915525"
"224352068,8503037"
"224352068,8137138"
"224352068,60331192"
"224352068,40276552"
"224352098,5624855"
"224352098,8503037"
"224352098,162291082"
"224352098,9583311"
"224352098,109319102"
"224352098,8598146"
"224352098,33887652"
"224352098,96954282"
"224352098,68421572"
"224352098,190922218"
"224352098,182797382"
"224352098,8544889"
"224352098,9366204"
"224352098,37475332"
"224352098,8137138"
"224352098,50020512"
"224352098,60331192"
"224352142,5624855"
"224352142,9410825"
"224352142,189026872"
"224352142,188223279"
"224352142,186580889"
"224352142,8137255"
"224352142,72344802"
"224352142,9366204"
"224352142,184266758"
"224352142,182691969"
"224352142,98591432"
"224352142,60331192"
"224352142,128513452"
"224356838,2550476"
"224356838,158413252"
"224356838,95292832"
"224356838,187262641"
"224356838,183488058"
"224356838,116786332"
"224356838,183463704"
"224356838,160735752"
"224356838,64155692"
"224356838,182943157"
"224356838,13151584"
"224357183,5624855"
"224357183,96308592"
"224357183,184566382"
"224357183,182799812"
"224357183,190144225"
"224357183,9366204"
"224357183,187833606"
"224358273,184501500"
"224358273,184727865"
"224358273,189372558"
"224358273,173917912"
"224358273,37850432"
"224358273,86218302"
"224358273,155926562"
"224360666,182480188"
"224360666,189520397"
"224360666,55629712"
"224360666,186580889"
"224363043,150105492"
"224363043,11906795"
"224363043,13048300"
"224363043,65884832"
"224363043,151428042"
"224363043,3091795"
"224363043,137950992"
"224363550,174878152"
"224363550,50104312"
"224363550,190971992"
"224363707,174878152"
"224363707,182598284"
"224363707,23928762"
"224363707,112968052"
"224363707,185109393"
"224363745,174878152"
"224363745,106257202"
"224363745,23928762"
"224363809,174878152"
"224363809,188959384"
"224363809,166469192"
"224363926,174878152"
"224363926,176564202"
"224363926,183295475"
"224363926,180318402"
"224363926,157522082"
"224363971,174878152"
"224363971,112968052"
"224363971,166469192"
"224363971,182598284"
"224363971,7959237"
"224363971,190278103"
"224364018,174878152"
"224364018,188510860"
"224364018,182763845"
"224364018,166469192"
"224364077,174878152"
"224364077,23928762"
"224364077,183295475"
"224364077,74216462"
"224364077,188510860"
"224364077,143586062"
"224364077,27806712"
"224365215,53131862"
"224365215,183751353"
"224365215,9410825"
"224365666,53131862"
"224365666,6126676"
"224365666,91101732"
"224365666,181989542"
"224365666,3838805"
"224371951,9668301"
"224371951,10026470"
"224371951,12983796"
"224371951,13698422"
"224374595,153392472"
"224374595,160672852"
"224374595,134063492"
"224374595,191308012"
"224374595,186070177"
"224374919,31492942"
"224374919,184151670"
"224374919,183456949"
"224374919,35225562"
"224374919,12644486"
"224374919,7968126"
"224374919,182890196"
"224374919,3988493"
"224374919,144465892"
"224374919,96308592"
"224374919,189808857"
"224374919,14904601"
"224375501,70045042"
"224375501,128949302"
"224375501,145022362"
"224375501,191048300"
"224375631,4003"
"224375631,190852004"
"224375631,190391369"
"224375631,191208263"
"224378735,6571443"
"224378735,2407689"
"224378735,12499115"
"224378735,7797603"
"224378735,10800399"
"224378735,53408202"
"224380273,146008992"
"224380273,55897132"
"224380273,375740"
"224380273,92211742"
"224380273,187798460"
"224380273,62597212"
"224380273,173602232"
"224380273,191106601"
"224380273,187232922"
"224381986,62680922"
"224381986,190216207"
"224381986,190215178"
"224384596,8796353"
"224384596,190364317"
"224384596,186353643"
"224385034,186912121"
"224385034,139408272"
"224385034,21632371"
"224386430,44139442"
"224386430,145631672"
"224386430,189916566"
"224390062,86253922"
"224390062,11033604"
"224390062,187969018"
"224390062,123724492"
"224390062,9221321"
"224390062,60331192"
"224390062,85647882"
"224390062,37475332"
"224390062,84989422"
"224390062,14448336"
"224390062,37506772"
"224390455,4785142"
"224390455,8072519"
"224390455,184899165"
"224390455,191086245"
"224391412,118432622"
"224391412,156642862"
"224391412,9895860"
"224391412,144975022"
"224391412,160672852"
"224391412,9550152"
"224391412,185804183"
"224391412,123724492"
"224391412,150912622"
"224391412,73726712"
"224391412,7830677"
"224392015,97120792"
"224392015,133635122"
"224392015,21906961"
"224392015,138109182"
"224392030,97120792"
"224392030,144706212"
"224392030,21906961"
"224392030,4607777"
"224392030,138109182"
"224392391,174878152"
"224392391,176564202"
"224392391,14403136"
"224398770,12140758"
"224398770,85647882"
"224398770,184566382"
"224398770,108481672"
"224398770,190901944"
"224398770,114743652"
"224398770,190011341"
"224398770,188652830"
"224398770,182524524"
"224399406,66387142"
"224399406,79765862"
"224399406,184444841"
"224399406,12191043"
"224399406,13106857"
"224399406,4756340"
"224399406,106290992"
"224399406,186829125"
"224400739,137099852"
"224400739,165891692"
"224400739,8503037"
"224400739,9416822"
"224400739,161020932"
"224400739,185906323"
"224400739,11951479"
"224400739,10275179"
"224405082,2550476"
"224405082,13635796"
"224405082,159215402"
"224405082,160735752"
"224405082,190471717"
"224414323,12285156"
"224414323,65144092"
"224414323,187262641"
"224414323,189190240"
"224414323,158413252"
"224414323,116786332"
"224414323,182454574"
"224414323,183463704"
"224416840,57839502"
"224416840,68952652"
"224416840,6190681"
"224416840,14613433"
"224416840,20719921"
"224417455,11361087"
"224417455,191065961"
"224417455,111635422"
"224417455,189808857"
"224422147,74500572"
"224422147,83586342"
"224422147,51888502"
"224422147,12693066"
"224422147,85331582"
"224422147,98442822"
"224422147,21599591"
"224422147,4760932"
"224422147,50593792"
"224422147,187123145"
"224422147,151077072"
"224422147,183339766"
"224422147,191766389"
"224422147,184937775"
"224422929,2550476"
"224422929,187262641"
"224422929,95292832"
"224422929,55765652"
"224425377,51880642"
"224425377,3530073"
"224425377,3214874"
"224425377,1595992"
"224425377,4785142"
"224425377,129841602"
"224425377,27364692"
"224425377,13816986"
"224425377,100302172"
"224425377,130790282"
"224425460,51880642"
"224425460,3214874"
"224425460,4468896"
"224425460,129841602"
"224426448,9775081"
"224426448,12346175"
"224426448,182499377"
"224426448,130356082"
"224426448,185134063"
"224426448,183523068"
"224426448,13863393"
"224426448,148131182"
"224426448,112021302"
"224430699,14624109"
"224430699,6090748"
"224430699,51378442"
"224430699,178174732"
"224433396,14189441"
"224433396,183222160"
"224433396,182887729"
"224433396,190362578"
"224433396,190166348"
"224433564,14189441"
"224433564,9410825"
"224433564,182887729"
"224433564,186829125"
"224433564,4896371"
"224433652,14189441"
"224433652,189882568"
"224433652,182887729"
"224433652,9560200"
"224433652,48519882"
"224433652,9631892"
"224433652,190408011"
"224433652,4807269"
"224433652,182548710"
"224433652,190891464"
"224436452,182480188"
"224436452,54094182"
"224436452,189510398"
"224436452,28405752"
"224436452,9570377"
"224440150,49813702"
"224440150,185080850"
"224440352,5345067"
"224440352,159038072"
"224440352,9560200"
"224440352,186582353"
"224440352,49922422"
"224440352,144155062"
"224440352,143005282"
"224440352,145721212"
"224440352,82904842"
"224440352,184870192"
"224440352,162825242"
"224440352,188745540"
"224440352,106495732"
"224440352,12806601"
"224441342,5345067"
"224441342,159038072"
"224441342,95540152"
"224441342,129538592"
"224441342,186582353"
"224441342,82904842"
"224441342,9560200"
"224441342,138684092"
"224441342,50153212"
"224441342,143005282"
"224441342,49922422"
"224441342,145721212"
"224441838,5345067"
"224441838,186582353"
"224441838,159038072"
"224441838,143005282"
"224448033,14139600"
"224448033,125056592"
"224448033,116728342"
"224448033,189469520"
"224448033,125082882"
"224448033,17224111"
"224448033,97817522"
"224448033,191618622"
"224448033,3231516"
"224448033,13106857"
"224448821,34740122"
"224448821,112143952"
"224448821,63288982"
"224448821,29986242"
"224448821,188134544"
"224448821,38552042"
"224448821,55026112"
"224448821,25299102"
"224448821,103427582"
"224448821,76548542"
"224448821,112424162"
"224448821,187648508"
"224448821,130684042"
"224448821,24627822"
"224448821,20010551"
"224448821,14436902"
"224448821,96308592"
"224448821,72447702"
"224448821,186463661"
"224448821,191246842"
"224448821,20880391"
"224448821,191266573"
"224448821,13701812"
"224448821,88597732"
"224448821,12758365"
"224448821,88275362"
"224448821,12296633"
"224448821,132935782"
"224448821,172122892"
"224448821,13923998"
"224448821,136508592"
"224448821,190889598"
"224448821,14362734"
"224448821,84879072"
"224448821,26873222"
"224448821,184561917"
"224448821,171526352"
"224448821,188599265"
"224448821,26093472"
"224448821,178294152"
"224450381,11776501"
"224450381,3530073"
"224450381,1595992"
"224450381,70163612"
"224450381,126650262"
"224450381,191759346"
"224450381,103763912"
"224450381,153035452"
"224450381,8827520"
"224450385,5408533"
"224450385,188896860"
"224450385,84109532"
"224450385,135619752"
"224450385,72169022"
"224450835,10504741"
"224450835,182799261"
"224450835,12795677"
"224450835,132035102"
"224450835,190983454"
"224450835,183523068"
"224450835,188652180"
"224450835,8215729"
"224450835,65230392"
"224450835,72841412"
"224450835,25154712"
"224450835,8565678"
"224450835,189524036"
"224450835,184566382"
"224450835,27491422"
"224452097,83275652"
"224452097,183919802"
"224452097,189428072"
"224452097,190833984"
"224452097,186995794"
"224452097,190686020"
"224452097,191904170"
"224452097,11928177"
"224452097,191412026"
"224452531,10058159"
"224452531,113668992"
"224452531,117932452"
"224452531,158165312"
"224452531,22574591"
"224465418,186745571"
"224465418,96954282"
"224465418,49813702"
"224465418,184417836"
"224465418,184533746"
"224465418,37286362"
"224465418,132400532"
"224465418,114315612"
"224465418,185534376"
"224465418,52545892"
"224465418,11901370"
"224465418,191308012"
"224465418,150092852"
"224465418,188542430"
"224465418,4468896"
"224465418,108023702"
"224467382,38381182"
"224467382,174847252"
"224467382,10214849"
"224467382,598511"
"224467382,18635691"
"224467382,182856844"
"224467382,20953381"
"224467382,185506399"
"224467382,66375342"
"224467382,8544889"
"224467382,17281521"
"224474352,127764722"
"224474352,147003182"
"224474352,183828440"
"224474352,7135347"
"224474352,190405194"
"224474352,54177702"
"224474352,145822982"
"224474352,9428199"
"224474352,11762506"
"224474352,182846329"
"224474352,47527312"
"224474352,26126702"
"224474352,183329805"
"224474352,147000792"
"224474352,58444742"
"224474352,107489912"
"224474352,11169021"
"224474352,161642102"
"224474352,96433502"
"224474352,14282576"
"224475110,92086602"
"224475110,115575962"
"224475110,189552492"
"224475110,190501316"
"224477760,136818382"
"224477760,186706248"
"224477760,42366982"
"224477801,3530073"
"224477801,84724022"
"224477801,52545892"
"224477801,65403612"
"224477801,151592942"
"224477801,184081726"
"224477801,190073631"
"224477985,52545892"
"224477985,191639091"
"224477985,12926580"
"224478844,3530073"
"224478844,7191785"
"224478844,190405194"
"224478844,130541992"
"224478844,184081726"
"224478844,187190910"
"224478844,52790712"
"224478844,150428692"
"224478844,5592549"
"224478844,85178362"
"224478844,190073631"
"224478844,187833606"
"224482279,62680922"
"224482279,190215178"
"224482279,190216207"
"224482279,190881491"
"224482281,62680922"
"224482281,190215178"
"224482281,190216207"
"224482281,190881491"
"224482299,62680922"
"224482299,190215178"
"224482299,190216207"
"224492089,39630332"
"224492089,10026470"
"224492089,4208858"
"224492089,190411509"
"224492089,78042772"
"224492089,191282920"
"224510304,12285156"
"224510304,65144092"
"224510304,187262641"
"224510304,189190240"
"224510304,124824552"
"224510304,18196771"
"224510304,188980112"
"224510304,116786332"
"224510304,189778320"
"224510304,138426602"
"224510304,40823872"
"224511547,33833002"
"224511547,9118609"
"224511547,92174092"
"224511547,35432522"
"224511547,109471382"
"224511547,131976782"
"224511623,33833002"
"224511623,35432522"
"224511623,11496621"
"224511623,137950992"
"224514152,3566987"
"224514152,10647427"
"224514152,101935762"
"224514152,10065646"
"224514152,66387142"
"224514152,142584202"
"224520456,155048812"
"224520456,93673132"
"224520456,176060752"
"224520456,189199899"
"224520456,27875202"
"224520456,191083179"
"224521263,119589762"
"224521263,10851208"
"224521263,188094788"
"224521263,188417183"
"224521263,189324970"
"224521263,188919754"
"224521263,182626251"
"224525450,95292832"
"224525450,183463704"
"224525450,182454574"
"224525450,158413252"
"224525450,138426602"
"224525450,20068531"
"224525450,98153352"
"224525450,4369330"
"224527342,12013535"
"224527342,160581702"
"224527342,50791242"
"224527342,7828321"
"224527342,168101762"
"224527342,77982362"
"224527342,52790712"
"224527342,191101550"
"224527342,189477586"
"224527342,184359363"
"224527342,182547280"
"224527342,150105492"
"224527342,9891047"
"224527342,130150432"
"224527342,20719921"
"224527342,190761073"
"224527342,517554"
"224527342,103648512"
"224527342,25416482"
"224528128,10033100"
"224528128,87329612"
"224528128,4896371"
"224528128,77270402"
"224528128,78929062"
"224528128,156925972"
"224528128,11339679"
"224528128,182775037"
"224531007,183864614"
"224531007,187752115"
"224531007,185252940"
"224531007,13604119"
"224531545,10759471"
"224531545,185472059"
"224531545,14431341"
"224531545,2299624"
"224531545,9820610"
"224531545,8544889"
"224531545,12424668"
"224532897,119589762"
"224532897,189388545"
"224532897,126399872"
"224534567,4639188"
"224534567,9070709"
"224534567,5177006"
"224534567,86423202"
"224534567,97657032"
"224534567,9287140"
"224534567,184012592"
"224534567,8643053"
"224534567,5107967"
"224534567,176646382"
"224534567,8265455"
"224534567,89226932"
"224534567,161121"
"224534972,110903862"
"224534972,188396915"
"224534972,136890342"
"224534972,152967442"
"224537387,3735594"
"224537387,39358872"
"224537387,109905562"
"224537387,6790042"
"224537387,185277166"
"224537387,183020698"
"224537387,83491002"
"224537387,80827912"
"224537387,82928382"
"224537387,119519002"
"224537387,81390362"
"224537387,101325232"
"224537387,9724419"
"224537387,83050032"
"224537387,191186384"
"224537387,189137760"
"224538020,9521699"
"224538020,6497826"
"224538020,29381932"
"224538020,161950062"
"224538020,33887652"
"224538279,130389542"
"224538279,189032070"
"224538279,33557272"
"224538279,33951412"
"224538279,162355532"
"224538279,3530073"
"224538279,133337282"
"224538279,10027596"
"224538279,90146912"
"224538279,112664522"
"224538279,67508042"
"224538641,119589762"
"224538641,127632052"
"224538641,10851208"
"224538641,182626251"
"224538641,126399872"
"224538641,126270982"
"224538641,122888992"
"224539356,46240142"
"224539356,156259382"
"224539356,10013776"
"224539356,52545892"
"224539356,171718652"
"224539371,46240142"
"224539371,11641259"
"224539371,107040432"
"224539371,188390082"
"224539409,46240142"
"224539409,10851659"
"224539409,186580809"
"224539558,46240142"
"224539558,123880802"
"224539558,186580809"
"224539558,10013776"
"224539558,52545892"
"224539558,40896"
"224539628,46240142"
"224539628,37850432"
"224539628,11641259"
"224539628,171718652"
"224539628,188390082"
"224539628,10851659"
"224539771,46240142"
"224539771,186580809"
"224539771,184727865"
"224539840,190658203"
"224539840,183194725"
"224539840,170986172"
"224544644,11175121"
"224544644,25922602"
"224544644,52545892"
"224544750,11856598"
"224544750,97657032"
"224544750,47213272"
"224547157,11185741"
"224547157,8712205"
"224547157,184444841"
"224547416,188911380"
"224547416,191137981"
"224547416,188973235"
"224548991,119589762"
"224548991,130831412"
"224548991,98197942"
"224548991,12269824"
"224548991,126270982"
"224558218,133218572"
"224558218,13794085"
"224558218,114487132"
"224559734,142658572"
"224559734,93673132"
"224559734,133337282"
"224560002,191053094"
"224560002,52545892"
"224560002,5592549"
"224560002,134063492"
"224560002,144529682"
"224560002,85178362"
"224560002,3530073"
"224560002,191488662"
"224561190,95292832"
"224561190,187262641"
"224561190,158413252"
"224561190,188980112"
"224561190,138426602"
"224561190,189649856"
"224561566,677570"
"224561566,81456692"
"224561566,183204921"
"224561566,182588353"
"224561566,190222676"
"224561566,191393330"
"224561566,17887951"
"224561566,191496023"
"224561566,62991632"
"224561566,190501316"
"224564093,13856850"
"224564093,188839021"
"224564582,185162012"
"224564582,44817532"
"224564582,188219131"
"224564582,191267366"
"224564582,190679394"
"224567871,15905151"
"224567871,7882275"
"224567871,188390082"
"224567871,37850432"
"224567871,117910482"
"224581836,125082882"
"224581836,85178362"
"224581836,190948278"
"224581836,158935872"
"224582655,188881618"
"224582655,188881694"
"224582655,188880344"
"224583910,6841125"
"224583910,32907982"
"224583910,130150432"
"224583910,86755542"
"224583910,190736641"
"224583910,8421361"
"224584838,11658080"
"224584838,17887951"
"224584838,157235912"
"224584838,677570"
"224584838,159070522"
"224584838,109620822"
"224584838,189917070"
"224584838,190096506"
"224584838,190877823"
"224584838,190222676"
"224584892,11658080"
"224584892,677570"
"224584892,186191807"
"224584925,11658080"
"224584925,189772536"
"224584925,191053094"
"224584925,184566382"
"224584925,5948899"
"224584925,186191807"
"224584925,17887951"
"224584925,191393330"
"224584925,42450852"
"224584925,186031665"
"224584925,189186507"
"224584925,186464884"
"224584925,119133642"
"224584925,97872372"
"224584925,103412122"
"224585856,11404540"
"224585856,64385832"
"224585856,941698"
"224585856,185358852"
"224585856,17337811"
"224585856,191235721"
"224585856,52545892"
"224585856,68530032"
"224585856,139341502"
"224585856,11640613"
"224585856,131976782"
"224585856,129662552"
"224585856,158863652"
"224585856,187838938"
"224585856,185745237"
"224585856,79436122"
"224585856,12162809"
"224589554,182480188"
"224589554,104381632"
"224589554,129538592"
"224590305,187235490"
"224590305,12355450"
"224590305,60331192"
"224590305,94165932"
"224590305,31375082"
"224590305,183556299"
"224590482,9545201"
"224590482,82830082"
"224590482,190126753"
"224590482,9525941"
"224591687,174878152"
"224591687,182796331"
"224591687,23928762"
"224591687,182518835"
"224591687,180318402"
"224591687,27806712"
"224591687,182598284"
"224592256,5408533"
"224592256,183369646"
"224592256,188896860"
"224592256,83614362"
"224592256,148206932"
"224595296,6892029"
"224595296,191231577"
"224595296,15738001"
"224595296,120063382"
"224595296,76999782"
"224595296,13740677"
"224595296,106505022"
"224595296,33138662"
"224595296,14514222"
"224595296,10337362"
"224595296,8736421"
"224596961,4003"
"224596961,191208263"
"224596961,57221262"
"224596961,191594002"
"224597977,189477586"
"224597977,130150432"
"224597977,124849352"
"224597977,190761073"
"224598242,119589762"
"224598242,10851208"
"224598242,13173615"
"224598242,188417183"
"224598242,182626251"
"224598242,188207814"
"224599580,3186346"
"224599580,189127939"
"224599580,175288862"
"224599580,187191896"
"224599580,110542042"
"224599580,2741890"
"224599580,45249142"
"224599580,12572141"
"224599580,7239884"
"224599580,61087202"
"224599580,62597742"
"224599580,72997872"
"224599580,3621932"
"224599580,91101732"
"224599580,50424272"
"224599580,121344122"
"224599580,144888022"
"224599580,90820402"
"224599580,4187637"
"224599580,190984872"
"224599580,17045211"
"224599580,103800252"
"224599580,63942262"
"224599580,191284948"
"224599580,40414642"
"224599580,375740"
"224599580,191354768"
"224599580,182797382"
"224599580,188647706"
"224599580,120686522"
"224599580,2230856"
"224599580,61717252"
"224599580,153074422"
"224599580,125156562"
"224599580,34504822"
"224599580,178980462"
"224599580,677570"
"224599580,14150466"
"224599580,114216792"
"224599580,63819912"
"224599580,7749741"
"224599580,13829731"
"224599580,155137532"
"224599580,9831389"
"224599580,187002770"
"224599580,98835642"
"224599580,6126676"
"224599619,3186346"
"224599619,67389622"
"224599619,181218592"
"224599619,189356737"
"224599619,8509938"
"224599619,8682476"
"224599619,10176894"
"224599619,63942262"
"224599619,9565917"
"224599619,13892022"
"224599619,186789609"
"224599619,13248672"
"224599619,190665486"
"224599619,184710376"
"224601822,95292832"
"224601822,158413252"
"224601822,187262641"
"224601822,116786332"
"224601822,138426602"
"224601822,189190240"
"224601822,182454574"
"224601822,188982105"
"224606195,5658332"
"224606195,10026470"
"224606195,170704682"
"224606195,4641641"
"224606195,186319279"
"224606195,45718522"
"224606195,108481672"
"224606195,191369560"
"224606195,159442982"
"224606430,87564042"
"224606430,187193919"
"224606430,14139600"
"224606430,29927552"
"224606430,4546837"
"224606430,73741642"
"224606430,8592502"
"224606430,115066192"
"224606430,69710882"
"224606430,183495142"
"224606430,191284948"
"224606838,87564042"
"224606838,12110401"
"224606838,108144882"
"224606838,142206252"
"224606838,124080472"
"224606838,136340012"
"224606838,183810377"
"224606838,186580809"
"224606838,184533746"
"224606838,10013776"
"224606838,141804062"
"224606838,114415412"
"224606838,183309967"
"224606838,191507104"
"224609195,30621242"
"224609195,143109742"
"224609195,8220033"
"224609329,186319279"
"224609329,160926642"
"224609329,68394372"
"224609329,166436662"
"224609329,185824669"
"224610040,14416419"
"224610040,46280742"
"224610040,131155302"
"224610040,187956095"
"224610040,182557453"
"224610040,91782292"
"224610040,147523582"
"224610040,9585788"
"224610040,190257873"
"224610040,182483760"
"224610040,34330822"
"224610040,123115712"
"224610040,66976362"
"224610040,189079514"
"224610040,115066192"
"224610040,64676362"
"224610040,166436662"
"224616094,12346175"
"224616094,6594939"
"224616094,939664"
"224616094,9126627"
"224617187,67747432"
"224617187,163303372"
"224617187,160735752"
"224617187,10482800"
"224617187,13244394"
"224617187,188331449"
"224618264,5624855"
"224618264,183810377"
"224618264,187447588"
"224618264,17978551"
"224618264,46457092"
"224618264,190363322"
"224618264,185606716"
"224623084,12285156"
"224623084,65144092"
"224623084,40823872"
"224623084,187262641"
"224623084,183488058"
"224623084,158413252"
"224623084,188982105"
"224623084,189778320"
"224623243,12285156"
"224623243,65144092"
"224623243,40823872"
"224623243,188980112"
"224623243,138426602"
"224623243,189778320"
"224623243,183463704"
"224623243,20068531"
"224631184,39091652"
"224631184,190232316"
"224631184,182997144"
"224631184,183908712"
"224631184,63006242"
"224631184,93457272"
"224631814,10504741"
"224631814,188652180"
"224631814,182799261"
"224631814,72841412"
"224631814,50153212"
"224631814,25154712"
"224631814,189318432"
"224631814,184566382"
"224631944,10504741"
"224631944,30725242"
"224631944,191295780"
"224631944,51384672"
"224631944,183900848"
"224631944,1940663"
"224631944,8565678"
"224631944,11996060"
"224631944,517554"
"224631944,117528712"
"224631944,8215729"
"224631944,111423072"
"224631944,189201130"
"224631944,55696982"
"224631944,10112314"
"224631944,25154712"
"224631944,184566382"
"224633879,15905151"
"224633879,13058454"
"224633879,188390082"
"224633879,7442291"
"224633879,41430682"
"224633879,191996332"
"224635075,183382961"
"224635075,176060752"
"224635075,188489787"
"224635075,92878202"
"224636791,184571405"
"224636791,66365512"
"224636791,141223122"
"224638330,60196902"
"224638330,12162809"
"224638330,60631242"
"224638330,151123742"
"224639169,2550476"
"224639169,13635796"
"224639169,162340922"
"224639169,160735752"
"224644625,13363447"
"224644625,191008149"
"224644625,141394002"
"224644625,46916732"
"224648306,8491195"
"224648306,114974262"
"224648306,187524707"
"224648306,5390987"
"224648306,1595992"
"224651792,237675"
"224651792,11772738"
"224651792,75843232"
"224651792,1843978"
"224652251,33048202"
"224652251,13809383"
"224652251,11790518"
"224652251,191374706"
"224652251,10814842"
"224652251,185506581"
"224652251,41430682"
"224653546,109471382"
"224653546,128949302"
"224653546,87909752"
"224656545,12664210"
"224656545,12954323"
"224656545,44205362"
"224656545,146678152"
"224656545,191292085"
"224656545,148206932"
"224656545,187831785"
"224657605,677570"
"224657605,56454972"
"224657605,190172369"
"224657605,191373277"
"224667019,6606662"
"224667019,14358144"
"224667019,155770122"
"224667019,159215402"
"224667977,10287639"
"224667977,66387142"
"224667977,11951479"
"224667977,190166348"
"224667977,191469429"
"224667977,79765862"
"224668069,10287639"
"224668069,85755812"
"224668069,191235285"
"224668069,11035353"
"224668069,66387142"
"224668069,9416822"
"224668069,79765862"
"224668069,57358302"
"224668069,74565752"
"224668069,60331192"
"224668069,190166348"
"224668069,183059447"
"224668069,184175098"
"224668069,105123472"
"224668069,185357389"
"224668069,99469322"
"224668069,98158022"
"224668069,84346892"
"224672445,128023842"
"224672445,185606716"
"224672445,13165883"
"224672445,100739292"
"224672445,8137255"
"224672445,12194407"
"224672445,3997827"
"224672445,179173102"
"224672445,183346158"
"224672445,191441474"
"224672445,114743652"
"224672445,55292062"
"224672445,186903855"
"224672445,8010350"
"224672445,191344649"
"224672445,188599265"
"224672445,191548909"
"224672445,150003782"
"224673357,119589762"
"224673357,189388545"
"224673357,126399872"
"224673357,126270982"
"224673376,119589762"
"224673376,182616264"
"224673376,11615087"
"224673376,130831412"
"224673376,98197942"
"224673376,126270982"
"224673412,119589762"
"224673412,182628998"
"224673412,182616264"
"224673412,126270982"
"224673412,182626251"
"224673498,12633909"
"224673498,119727022"
"224673498,10981798"
"224673498,123991302"
"224673498,191453993"
"224673498,190144225"
"224673498,48980792"
"224673498,188219131"
"224673498,11018205"
"224673498,8137138"
"224673498,11549566"
"224676115,189633068"
"224676115,109319102"
"224676115,146982692"
"224678728,189633068"
"224678728,107929732"
"224678728,116305062"
"224678728,191503161"
"224682154,107452292"
"224682154,191098612"
"224682154,186438873"
"224682684,11185741"
"224682684,190760549"
"224682684,66387142"
"224682684,106871152"
"224682746,1595992"
"224682746,150428692"
"224682746,8827520"
"224682746,184566382"
"224682746,190586453"
"224682746,55399742"
"224682746,31908862"
"224682746,9126627"
"224682746,153035452"
"224682746,11210417"
"224682746,191372920"
"224683262,10026470"
"224683262,5658332"
"224683262,11709001"
"224688659,54970992"
"224688659,113797342"
"224688659,186878128"
"224688659,61139862"
"224688659,188963105"
"224688659,15413201"
"224689198,39630332"
"224689198,10026470"
"224689198,191282920"
"224689198,183752852"
"224690435,92497422"
"224690435,183863189"
"224690435,191545407"
"224690435,191546305"
"224690918,46240142"
"224690918,41430682"
"224690918,13058454"
"224690918,37506772"
"224693216,3812987"
"224693216,4546837"
"224693216,185472059"
"224693238,38773402"
"224693238,5592549"
"224693238,1595992"
"224693238,73726712"
"224693238,177774502"
"224693238,22484491"
"224693238,3186346"
"224693238,58406252"
"224693238,190400688"
"224693238,190494785"
"224693238,50288202"
"224693238,6079343"
"224693238,88354472"
"224693238,13058454"
"224693238,12032066"
"224693238,191828191"
"224693238,190565735"
"224693238,191201986"
"224693238,12696051"
"224695263,5624855"
"224695263,108194432"
"224695263,190370137"
"224695599,5624855"
"224695599,108194432"
"224695599,183495142"
"224695599,12436492"
"224695599,152967442"
"224695599,185472059"
"224695599,190144225"
"224695688,5624855"
"224695688,108194432"
"224695688,186962092"
"224695688,191462288"
"224695688,144975022"
"224696961,174229112"
"224696961,108612922"
"224696961,31497642"
"224696961,98154402"
"224696961,66365512"
"224696961,90146912"
"224696961,190054755"
"224696961,9126627"
"224696961,103019582"
"224696961,188907979"
"224696961,85071332"
"224696961,7485636"
"224696961,8965219"
"224701819,125082882"
"224701819,6983559"
"224701819,189469520"
"224701819,158935872"
"224701819,7229232"
"224701819,8655104"
"224701819,136340012"
"224701819,13935823"
"224703284,187842120"
"224703284,188893219"
"224703284,12695221"
"224709472,97120792"
"224709472,13720556"
"224709472,21906961"
"224709472,138109182"
"224709559,97120792"
"224709559,189579646"
"224709559,21906961"
"224709559,148799172"
"224709559,138109182"
"224709559,144706212"
"224709559,186414930"
"224709559,99969772"
"224709559,12269824"
"224709591,13439239"
"224709591,9592734"
"224709591,28098952"
"224709591,85084482"
"224709591,34435942"
"224709591,190572159"
"224709591,188991824"
"224709591,183256363"
"224709625,13439239"
"224709625,9560200"
"224709625,9592734"
"224709625,28098952"
"224709625,182895241"
"224709767,13439239"
"224709767,3530073"
"224709767,28098952"
"dmtdzgytlblb,86557782"
"dmtdzgytlblb,129655832"
"dmtdzgytlblb,1695701"
"dmtdzgytlblb,189436052"
"dmtdzgytlblb,9965927"
"dpxfhlytlbxb,148982912"
"dpxfhlytlbxb,31497642"
"dpxfhlytlbxb,11018205"
"dpxfhlytlbxb,95236582"
"dpxfhlytlbxb,189356261"
"dpxfhlytlbxb,191113285"
"dpxfhlytlbxb,59256452"
"dpxfhlytlbxb,184533746"
"dpxfhlytlbxb,178174732"
"dfdgqcytlbdb,5211527"
"dfdgqcytlbdb,175255222"
"dfdgqcytlbdb,186354772"
"dfdgqcytlbdb,6990045"
"dfdgqcytlbdb,187432304"
"dfdgqcytlbdb,56858452"
"bmrthlytlbkc,188712238"
"bmrthlytlbkc,108821692"
"bmrthlytlbkc,89226932"
"bmrthlytlbkc,111957162"
"bmrthlytlbkc,156956142"
"bmrthlytlbkc,191593406"
"bmrthlytlbkc,189374418"
"bmrthlytlbkc,37694302"
"bttgglytlbnc,98126192"
"bttgglytlbnc,135270732"
"bttgglytlbnc,191704854"
"bttgglytlbnc,185391682"
"bttgglytlbnc,150428692"
"dnhfsjytlbjb,95562552"
"dnhfsjytlbjb,188528754"
"dnhfsjytlbjb,104039742"
"dnhfsjytlbjb,190562406"
"dnhfsjytlbjb,190662971"
"dnhfsjytlbjb,29834482"
"dnhfsjytlbjb,49102462"
"dnccsgytlbhb,36294152"
"dnccsgytlbhb,6410425"
"dnccsgytlbhb,189288887"
"dnccsgytlbhb,9891047"
"dnccsgytlbhb,4046690"
"dnccsgytlbhb,8932302"
"bttgglytlbdb,98126192"
"bttgglytlbdb,52545892"
"bttgglytlbdb,156642862"
"bttgglytlbdb,185391682"
"dfphjjytlbcc,103355442"
"dfphjjytlbcc,189528902"
"dfphjjytlbcc,2238169"
"dfphjjytlbcc,143168672"
"dfphjjytlbcc,143627062"
"dfphjjytlbcc,18196771"
"dfphjjytlbcc,189374418"
"dggnphytlbbc,67191412"
"dggnphytlbbc,58763702"
"dggnphytlbbc,98811762"
"dggnphytlbbc,190022752"
"dggnphytlbbc,58719802"
"dggnphytlbbc,82315702"
"dggnphytlbbc,13165883"
"dggnphytlbbc,1662901"
"dggnphytlbbc,2698166"
"dggnphytlbbc,185606716"
"dggnphytlbbc,155375452"
"dggnphytlbbc,21277811"
"bglshlytlbqb,45637452"
"bglshlytlbqb,74459962"
"bglshlytlbqb,9668301"
"bglshlytlbqb,191104104"
"ddrbcdytlbrb,8490600"
"ddrbcdytlbrb,145410682"
"ddrbcdytlbrb,182946213"
"ddrbcdytlbrb,91111632"
"dfhfrfytlbrb,15654351"
"dfhfrfytlbrb,13266517"
"dfhfrfytlbrb,13998863"
"dfhfrfytlbrb,20330391"
"dfhfrfytlbrb,12377519"
"bttgglytlbvb,98126192"
"bttgglytlbvb,52545892"
"bttgglytlbvb,191201986"
"dfwrmcytlbdb,3091795"
"dfwrmcytlbdb,6958796"
"dfwrmcytlbdb,5540183"
"dfwrmcytlbdb,87329612"
"dfwrmcytlbdb,189185598"
"dfwrmcytlbmb,3091795"
"dfwrmcytlbmb,5540183"
"dfwrmcytlbmb,6190681"
"dnhfsjytlbrb,95562552"
"dnhfsjytlbrb,189248851"
"dnhfsjytlbrb,104039742"
"dnhfsjytlbrb,7107895"
"dnhfsjytlbrb,190662971"
"dnhfsjytlbrb,29834482"
"dnhfsjytlbrb,70515372"
"dnhfsjytlbrb,191204253"
"dbphjjytlbkb,103355442"
"dbphjjytlbkb,189374418"
"dbphjjytlbkb,163343102"
"dbphjjytlbkb,18196771"
"dbphjjytlbkb,143627062"
"dbphjjytlbkb,190598759"
"dmvkhdytlbxb,39091652"
"dmvkhdytlbxb,63006242"
"dmvkhdytlbxb,73726712"
"dnhfsjytlbbc,95562552"
"dnhfsjytlbbc,189601889"
"dnhfsjytlbbc,11716679"
"dnhfsjytlbbc,191399729"
"dnhfsjytlbbc,112874482"
"dnhfsjytlbbc,29834482"
"dfxjflytlbdc,182572500"
"dfxjflytlbdc,190370137"
"dfxjflytlbdc,135188662"
"dfxjflytlbdc,185461061"
"dfxjflytlbdc,191289240"
"dfxjflytlbdc,6640239"
"dfxjflytlbdc,187161455"
"dfxjflytlbdc,8059244"
"dfxjflytlbdc,112664522"
"bxdrglytlbzb,3735594"
"bxdrglytlbzb,76844292"
"bxdrglytlbzb,81438722"
"bxdrglytlbzb,84337412"
"bxdrglytlbzb,188571293"
"bxdrglytlbzb,629443"
"bxdrglytlbzb,122414542"
"bxdrglytlbzb,83050032"
"bxdrglytlbzb,119519002"
"bxdrglytlbzb,81390362"
"bxdrglytlbzb,169484692"
"bxdrglytlbzb,72444322"
"bxdrglytlbzb,72448892"
"dphxmcytlblb,8513140"
"dphxmcytlblb,187232586"
"dphxmcytlblb,185668426"
"dphxmcytlblb,186420610"
"dphxmcytlblb,186899724"
"bttgglytlbmb,98126192"
"bttgglytlbmb,160672852"
"bttgglytlbmb,130541992"
"dqgrjlytlbmc,183311654"
"dqgrjlytlbmc,163137442"
"dqgrjlytlbmc,185615319"
"bglshlytlbjc,45637452"
"bglshlytlbjc,39630332"
"bglshlytlbjc,74459962"
"bglshlytlbjc,9668301"
"bglshlytlbzb,45637452"
"bglshlytlbzb,39630332"
"bglshlytlbzb,9668301"
"bglshlytlbzb,10026470"
"cgffjlytlbzb,10312113"
"cgffjlytlbzb,184860839"
"cgffjlytlbzb,186464680"
"dfwrmcytlbnc,3091795"
"dfwrmcytlbnc,5540183"
"dfwrmcytlbnc,13594372"
"dfwrmcytlbnc,94649972"
"dfwrmcytlbnc,191899349"
"dfwrmcytlbnc,6190681"
"dfwrmcytlbnc,517554"
"dfwrmcytlbnc,7837323"
"dfwrmcytlbnc,65930362"
"dfwrmcytlbnc,130150432"
"dfwrmcytlbfc,3091795"
"dfwrmcytlbfc,6190681"
"dfwrmcytlbfc,6958796"
"dfwrmcytlbfc,112453462"
"dfwrmcytlbfc,5540183"
"dfwrmcytlbfc,189517220"
"224709858,13439239"
"224709858,9592734"
"224709858,3530073"
"224709858,28098952"
"224714993,11658080"
"224714993,17887951"
"224714993,190501316"
"224714993,190877823"
"224714993,8885216"
"224720214,188881694"
"224720214,188881618"
"224720214,188880344"
"224720214,191215948"
"224720565,8723581"
"224720565,190144225"
"224720565,156201152"
"224720565,517554"
"224720912,119589762"
"224720912,86070062"
"224720912,10851208"
"224720912,188417183"
"224720912,139291432"
"224720912,188919754"
"224721405,88196452"
"224721405,90733222"
"224721405,132643472"
"224721405,8682476"
"224721405,77636542"
"224722839,125082882"
"224722839,158935872"
"224722839,107958772"
"224722839,97817522"
"224722839,92174092"
"224722839,125056592"
"224722839,148383882"
"224725025,69363342"
"224725025,191812714"
"224725025,147858952"
"224725025,114714442"
"224725025,136520132"
"224725025,191643946"
"224731812,58322362"
"224731812,170544702"
"224731812,190521963"
"224738139,133218572"
"224738139,191540477"
"224738139,4632839"
"224739284,34504822"
"224739284,73408112"
"224739284,106290992"
"224739284,22166341"
"224739284,188991824"
"224740923,6079343"
"224740923,115873972"
"224740923,190224807"
"224740923,163987882"
"224740923,120559832"
"224740923,10482800"
"224740923,183204356"
"224740923,33998222"
"224740923,97657032"
"224740923,191851938"
"224754155,11906795"
"224754155,137950992"
"224754155,183655756"
"224754155,65884832"
"224754155,183237165"
"224754155,151428042"
"224754315,5345067"
"224754315,9560200"
"224754315,129538592"
"224754315,186582353"
"224754315,159038072"
"224754315,144155062"
"224754315,49922422"
"224754315,82904842"
"224754315,12806601"
"224754315,187023403"
"224755361,2550476"
"224755361,95292832"
"224755361,182943157"
"224755361,160735752"
"224757259,2550476"
"224757259,183463704"
"224757259,187262641"
"224757259,95292832"
"224757259,26125002"
"224757259,186275841"
"224757259,189190240"
"224757259,138426602"
"224761339,142658572"
"224761339,60447652"
"224761339,185606716"
"224761689,39630332"
"224761689,10026470"
"224761689,5658332"
"224761689,149439222"
"224761689,191844029"
"224761689,132736162"
"224761689,12771051"
"224761689,82716842"
"224761926,174229112"
"224761926,123724492"
"224761926,22087211"
"224761926,9560445"
"224762574,180850782"
"224762574,108061312"
"224762574,186001472"
"224762574,72267572"
"224763404,186319279"
"224763404,189836241"
"224763404,160926642"
"224765594,5408533"
"224765594,188896860"
"224765594,183369646"
"224765594,84109532"
"224765594,191663799"
"224767860,13363447"
"224767860,141394002"
"224767860,2550476"
"224767860,146006712"
"224767860,191403955"
"224769182,119589762"
"224769182,86070062"
"224769182,127632052"
"224769182,10851208"
"224769182,182626251"
"224769182,10476640"
"224769182,126270982"
"224769182,122888992"
"224769182,126399872"
"224770438,104626882"
"224770438,98154402"
"224770438,87997852"
"224770438,4308366"
"224771520,189979643"
"224771520,186034544"
"224771520,156943912"
"224771520,134455792"
"224771520,122087602"
"224771520,186286383"
"224771520,10954791"
"224771520,186007091"
"224772374,12285156"
"224772374,65144092"
"224772374,40823872"
"224772374,55069182"
"224772374,158413252"
"224772374,186275841"
"224772374,116786332"
"224772374,13151584"
"224774566,55069182"
"224774566,183488058"
"224774566,187262641"
"224774566,4622361"
"224780749,12285156"
"224780749,65144092"
"224780749,183488058"
"224780749,18196771"
"224780749,187262641"
"224780749,40823872"
"224780749,160735752"
"224780749,55069182"
"224783569,191606629"
"224783569,191614648"
"224783569,191615017"
"224783569,188396915"
"224783604,191606629"
"224783604,4896371"
"224783604,146982692"
"224783604,35832842"
"224783604,123724492"
"224783604,3610444"
"224783604,76031122"
"224788588,85145812"
"224788588,191662355"
"224788588,191751097"
"224791840,186932694"
"224791840,11551434"
"224791840,28040692"
"224791840,158435372"
"224791840,112414072"
"224791840,27048392"
"224791840,8710416"
"224791840,161429822"
"224791840,11025998"
"224794292,44205362"
"224794292,148305152"
"224794292,88129082"
"224794292,13154714"
"224796224,677570"
"224796224,182588353"
"224796224,97872372"
"224796224,4255765"
"224796224,190877823"
"224796224,190501316"
"224804879,9076626"
"224804879,66387142"
"224804879,109164772"
"224810004,141233472"
"224810004,188647706"
"224810004,188177028"
"224810004,191286974"
"224810004,191870859"
"224810004,158623112"
"224810389,9205190"
"224810389,16059161"
"224810389,8946732"
"224810389,9203975"
"224810389,11692893"
"224810389,9366204"
"224810389,74754052"
"224810389,12430033"
"224810389,9335142"
"224810389,9080486"
"224810389,8968050"
"224810389,153023132"
"224810389,9627528"
"224810389,134063492"
"224810471,119589762"
"224810471,126270982"
"224810471,182616264"
"224810471,126399872"
"224810550,119589762"
"224810550,126270982"
"224810550,98197942"
"224810550,182616264"
"224810550,191728170"
"224810550,130831412"
"224818834,10058159"
"224818834,190746608"
"224818834,189235350"
"224818834,184243059"
"224818834,135693902"
"224818834,191768564"
"224818834,82490312"
"224818834,9560200"
"224818834,4308366"
"224823708,10026470"
"224823708,12107342"
"224823708,182783843"
"224823708,12778345"
"224823708,174292652"
"224823708,4856691"
"224823708,106072452"
"224839640,58284552"
"224839640,190366452"
"224839640,27803192"
"224840300,13635796"
"224840300,174499172"
"224840300,14080684"
"224840300,73244082"
"224840833,13343884"
"224840833,123395022"
"224840833,12279344"
"224840833,152406592"
"224845511,677570"
"224845511,182588353"
"224845511,191408440"
"224845511,48305082"
"224845511,11770332"
"224845524,11658080"
"224845524,677570"
"224845524,17887951"
"224845524,191865193"
"224845524,186191807"
"224845524,26099982"
"224845524,17292781"
"224845524,187931747"
"224845524,191839977"
"224846303,4592887"
"224846303,152939442"
"224846303,148799172"
"224846303,171707152"
"224846326,4592887"
"224846326,191223630"
"224846326,184533746"
"224847567,63982122"
"224847567,13058454"
"224847567,9294304"
"224847567,10861744"
"224851859,10504741"
"224851859,182799261"
"224851859,188652180"
"224851859,8215729"
"224851859,191625530"
"224851859,25154712"
"224851859,72841412"
"224851859,187522227"
"224851859,10652069"
"224851859,10112314"
"224851859,191862856"
"224851859,189524036"
"224865119,12285156"
"224865119,65144092"
"224865119,40823872"
"224865119,183488058"
"224865119,186275841"
"224865119,183463704"
"224865119,187262641"
"224865119,116786332"
"224865336,4785142"
"224865336,185193710"
"224865336,57366972"
"224865336,176247962"
"224867341,2550476"
"224867341,95292832"
"224867341,162340922"
"224867341,119960512"
"224867341,160735752"
"224867341,182943157"
"224867356,2550476"
"224867356,158413252"
"224867356,55069182"
"224867356,138426602"
"224867356,189778320"
"224867356,31180232"
"224867356,20068531"
"224879529,14624109"
"224879529,184533746"
"224881609,1595992"
"224881609,8827520"
"224881609,191934838"
"224881609,153035452"
"224881609,5760003"
"224881609,12035344"
"224883033,55069182"
"224883033,183897682"
"224883033,188980112"
"224883033,9570377"
"224885386,87564042"
"224885386,9550152"
"224885386,191639091"
"224885386,188542430"
"224885386,17978551"
"224885386,113006582"
"224896600,25440482"
"224896600,10214849"
"224896600,73741642"
"224896600,88354472"
"224900867,133224752"
"224900867,164898542"
"224900867,189789567"
"224905370,46201522"
"224905370,71302342"
"224905370,105905642"
"224906512,40095402"
"224906512,191606629"
"224906512,4896371"
"224907256,4592887"
"224907256,171707152"
"224907256,170755582"
"224908870,119589762"
"224908870,10851208"
"224908870,188207814"
"224914340,5408533"
"224914340,83614362"
"224914340,188896860"
"224914340,84109532"
"224922525,4369330"
"224922525,1937089"
"224922525,155770122"
"224947948,188816405"
"224947948,24437792"
"224947948,4546837"
"224947948,183551036"
"224975195,3186346"
"224975195,10013776"
"224975195,146982692"
"224975195,15510791"
"224975195,4896371"
"224999426,4369330"
"224999426,13635796"
"224999426,188947628"
"dsgsgkytlbdc,44139442"
"dsgsgkytlbdc,10002340"
"dsgsgkytlbdc,84362082"
"dsgsgkytlbdc,189916566"
"dsgsgkytlbdc,14310534"
"hmdpflytlbvb,70045042"
"hmdpflytlbvb,173330672"
"hmdpflytlbvb,156715912"
"hmdpflytlbvb,127485182"
"hmdpflytlbvb,128949302"
"dvqjzdytlbjc,12035361"
"dvqjzdytlbjc,187273605"
"dvqjzdytlbjc,188645454"
"dvqjzdytlbjc,74528952"
"dvqjzdytlbjc,188646250"
"dvqjzdytlbjc,11807550"
"dvqjzdytlbjc,129655832"
"dvqjzdytlbjc,96308592"
"dvqjzdytlbjc,134218582"
"dvqjzdytlbjc,182998465"
"dvqjzdytlbjc,57794862"
"dvqjzdytlbjc,12876465"
"dvqjzdytlbjc,43426972"
"dvqjzdytlbjc,149030712"
"dvqjzdytlbjc,147542422"
"dvqjzdytlbjc,90728272"
"dvqjzdytlbjc,59296612"
"dvqjzdytlbjc,8069678"
"dvqjzdytlbjc,129510412"
"dvqjzdytlbjc,38075962"
"dvqjzdytlbjc,108981502"
"dvqjzdytlbjc,88896342"
"dvqjzdytlbjc,49325022"
"dvqjzdytlbjc,28301652"
"dvqjzdytlbjc,12167767"
"dvqjzdytlbjc,11663509"
"dvqjzdytlbjc,101759422"
"dvqjzdytlbjc,58823692"
"dvqjzdytlbjc,173568872"
"dvqjzdytlbjc,60069022"
"dvqjzdytlbjc,136842352"
"dvqjzdytlbjc,65149352"
"dvqjzdytlbjc,84987042"
"dvqjzdytlbjc,133979662"
"dvqjzdytlbjc,185362400"
"dvqjzdytlbjc,91931232"
"dvqjzdytlbjc,97757622"
"dvqjzdytlbjc,186672340"
"dvqjzdytlbjc,172512982"
"dvqjzdytlbjc,185461061"
"dvqjzdytlbjc,161270742"
"dvqjzdytlbjc,191344649"
"dvqjzdytlbjc,191369140"
"dvqjzdytlbjc,14514805"
"dvqjzdytlbjc,147858952"
"dvqjzdytlbjc,108457202"
"dvqjzdytlbjc,185606716"
"dvqjzdytlbjc,153844052"
"dvqjzdytlbjc,90030452"
"dvqjzdytlbjc,63311512"
"dvqjzdytlbjc,136981422"
"dvqjzdytlbjc,4113606"
"dvqjzdytlbjc,12572849"
"dvqjzdytlbjc,34440032"
"dvqjzdytlbjc,33759172"
"dvqjzdytlbjc,107644582"
"dvqjzdytlbjc,182646271"
"dvqjzdytlbjc,183659330"
"dvqjzdytlbjc,114782252"
"dvqjzdytlbjc,112565962"
"dvqjzdytlbjc,191759634"
"dvqjzdytlbjc,9698281"
"dvqjzdytlbjc,134026962"
"dvqjzdytlbjc,135567112"
"dvqjzdytlbjc,83878662"
"dvqjzdytlbjc,6627864"
"dvqjzdytlbjc,191804605"
"dvqjzdytlbjc,191810032"
"drdjlfytlbxb,4930869"
"drdjlfytlbxb,3052844"
"drdjlfytlbxb,147083462"
"drdjlfytlbxb,105036062"
"drdjlfytlbxb,156568902"
"drdjlfytlbxb,85487492"
"drdjlfytlbxb,128538982"
"drdjlfytlbxb,14416419"
"dsjvhhytlbjc,1931099"
"dsjvhhytlbjc,2732783"
"dsjvhhytlbjc,36312512"
"dsjvhhytlbjc,13138824"
"dsjvhhytlbjc,14454017"
"dsjvhhytlbjc,12326584"
"hqpgglytlbcb,9529472"
"hqpgglytlbcb,31916132"
"hqpgglytlbcb,12296141"
"dzgbkhytlbcb,48307422"
"dzgbkhytlbcb,182573355"
"dzgbkhytlbcb,54094182"
"dzgbkhytlbcb,11802179"
"dzgbkhytlbcb,13099136"
"dzgbkhytlbcb,37682812"
"fffldlytlbfc,183242191"
"fffldlytlbfc,55914422"
"fffldlytlbfc,98756572"
"fffldlytlbfc,183269364"
"lwzwclytlbkb,5107967"
"lwzwclytlbkb,59885882"
"lwzwclytlbkb,12740418"
"lwzwclytlbkb,12742008"
"lwzwclytlbkb,13102656"
"lwzwclytlbkb,9070709"
"dsnpzjytlbjc,184348542"
"dsnpzjytlbjc,60631242"
"dsnpzjytlbjc,156028692"
"dsnpzjytlbjc,186007091"
"dsnpzjytlbjc,80421662"
"dsnpzjytlbjc,191262219"
"dsnpzjytlbjc,52977762"
"mbvdjlytlbgb,2505799"
"mbvdjlytlbgb,5850261"
"mbvdjlytlbgb,10921424"
"mbvdjlytlbhc,2505799"
"mbvdjlytlbhc,5850261"
"mbvdjlytlbhc,10921424"
"gztdjlytlbgb,2505799"
"gztdjlytlbgb,5850261"
"gztdjlytlbgb,10921424"
"mwfthlytlbhb,18093151"
"mwfthlytlbhb,185291660"
"mwfthlytlbhb,144233082"
"nccphlytlbmb,186706248"
"nccphlytlbmb,6194978"
"nccphlytlbmb,3530558"
"nccphlytlbmb,13554780"
"dtvmpcytlbhc,156259382"
"dtvmpcytlbhc,185313892"
"dtvmpcytlbhc,190940354"
"dtvmpcytlbhc,183072889"
"dtvmpcytlbhc,205231"
"dtvmpcytlbhc,187547187"
"dtvmpcytlbhc,96308592"
"dtvmpcytlbhc,189642993"
"dtvmpcytlbhc,107328342"
"dtvmpcytlbhc,8981553"
"dtvmpcytlbhc,144975022"
"dtvmpcytlbhc,82520592"
"dtvmpcytlbhc,191232937"
"dtvmpcytlbhc,2335432"
"dtvmpcytlbhc,189808857"
"dtvmpcytlbhc,185915711"
"dtvmpcytlbhc,68245542"
"dtvmpcytlbhc,186962092"
"dtvmpcytlbhc,156956142"
"dtvmpcytlbhc,13607105"
"dtvmpcytlbhc,93793952"
"dtvmpcytlbhc,12572849"
"dtvmpcytlbhc,61139862"
"dtvmpcytlbhc,47809512"
"dtvmpcytlbhc,188713821"
"dtvmpcytlbhc,182014792"
"dtvmpcytlbhc,173156192"
"dtvmpcytlbhc,191798520"
"dtvmpcytlbhc,189288887"
"dtvmpcytlbhc,91789412"
"jvpmhlytlbvb,186932694"
"jvpmhlytlbvb,11187827"
"jvpmhlytlbvb,161429822"
"jvpmhlytlbvb,112414072"
"jvpmhlytlbvb,28040692"
"jvpmhlytlbvb,158435372"
"jvpmhlytlbvb,160926642"
"jvpmhlytlbvb,57213892"
"jvpmhlytlbvb,27048392"
"jvpmhlytlbvb,145067122"
"dxthtdytlbgb,8490600"
"dxthtdytlbgb,186838683"
"dxthtdytlbgb,189051874"
"dxthtdytlbgb,33677182"
"hrhzflytlbcb,1152738"
"hrhzflytlbcb,164760362"
"hrhzflytlbcb,184266758"
"hrhzflytlbcb,187094368"
"hrhzflytlbcb,171967762"
"fffldlytlbmb,183242191"
"fffldlytlbmb,189055231"
"fffldlytlbmb,90146912"
"fffldlytlbmb,183269364"
"fffldlytlbmb,9111376"
"mlcldlytlbgb,121450802"
"mlcldlytlbgb,111059972"
"mlcldlytlbgb,148683172"
"mlcldlytlbgb,80977012"
"mlcldlytlbpb,121450802"
"mlcldlytlbpb,111059972"
"mlcldlytlbpb,130880512"
"mlcldlytlbpb,189759389"
"mlcldlytlbpb,190378528"
"kdtcflytlbwb,14493820"
"kdtcflytlbwb,135270732"
"kdtcflytlbwb,184533746"
"kdtcflytlbwb,148206932"
"kdtcflytlbgc,14493820"
"kdtcflytlbgc,135270732"
"kdtcflytlbgc,184533746"
"dwlcwkytlbjb,8457539"
"dwlcwkytlbjb,186278119"
"dwlcwkytlbjb,123720302"
"hphnglytlblb,19517451"
"hphnglytlblb,189757147"
"hphnglytlblb,8059244"
"mlcldlytlbxb,121450802"
"mlcldlytlbxb,111059972"
"mlcldlytlbxb,190378528"
"mlcldlytlbxb,189759389"
"mlcldlytlbxb,131766842"
"mjvjglytlbkb,1947231"
"mjvjglytlbkb,28040692"
"mjvjglytlbkb,161429822"
"mjvjglytlbkb,158435372"
"mjvjglytlbkb,11187827"
"mjvjglytlbkb,190170739"
"mjvjglytlbkb,11551434"
"dzgbkhytlbmc,48307422"
"dzgbkhytlbmc,189850380"
"dzgbkhytlbmc,54094182"
"dzgbkhytlbmc,182573355"
"dzgbkhytlbmc,189976449"
"dzgbkhytlbmc,11802179"
"dzgbkhytlbmc,128881452"
"dzgbkhytlbmc,11664775"
"dzgbkhytlbmc,10612156"
"hqpgglytlbvb,9529472"
"hqpgglytlbvb,31916132"
"hqpgglytlbvb,12296141"
"kcbmglytlbgb,11969710"
"kcbmglytlbgb,11932443"
"kcbmglytlbgb,54548102"
"grkkglytlbgb,8457539"
"grkkglytlbgb,123720302"
"grkkglytlbgb,186278119"
"grkkglytlbgb,184162742"
"grkkglytlbgb,174586562"
"ngdmglytlbhb,11932443"
"ngdmglytlbhb,54548102"
"ngdmglytlbhb,182943157"
"ngdmglytlbhb,106332202"
"ngdmglytlbhb,159215402"
"ngdmglytlbhb,81332292"
"dvkkhlytlbbc,103109122"
"dvkkhlytlbbc,188747121"
"dvkkhlytlbbc,157582432"
"dvkkhlytlbbc,190224807"
"dvkkhlytlbbc,12858455"
"dvkkhlytlbbc,183635710"
"dvkkhlytlbbc,130389542"
"fffldlytlbvb,183242191"
"fffldlytlbvb,183269364"
"fffldlytlbvb,9111376"
"fffldlytlbvb,189124183"
"jlfzhlytlbgb,2879015"
"jlfzhlytlbgb,136623172"
"jlfzhlytlbgb,72187152"
"jlfzhlytlbgb,101321902"
"jlfzhlytlbgb,133972162"
"jlfzhlytlbgb,145838932"
"jlfzhlytlbgb,185575895"
"jlfzhlytlbgb,187544562"
"jlfzhlytlbgb,144460692"
"jlfzhlytlbgb,70848462"
"jlfzhlytlbgb,186767915"
"jlfzhlytlbgb,7829391"
"jlfzhlytlbgb,9634913"
"jlfzhlytlbpb,2879015"
"jlfzhlytlbpb,136623172"
"jlfzhlytlbpb,72187152"
"jlfzhlytlbpb,73477552"
"jlfzhlytlbpb,89883822"
"jlfzhlytlbpb,101321902"
"jlfzhlytlbpb,117660752"
"jlfzhlytlbpb,186767915"
"jlfzhlytlbpb,187544562"
"jlfzhlytlbpb,144460692"
"jlfzhlytlbpb,7829391"
"jlfzhlytlbxb,136623172"
"jlfzhlytlbxb,72187152"
"jlfzhlytlbxb,101321902"
"jlfzhlytlbxb,185575895"
"jlfzhlytlbxb,89883822"
"jlfzhlytlbxb,187544562"
"jlfzhlytlbxb,2752968"
"jlfzhlytlbxb,9634913"
"jlfzhlytlbxb,142195602"
"jlfzhlytlbxb,183981292"
"jlfzhlytlbxb,65276172"
"dxthtdytlbpb,8490600"
"dxthtdytlbpb,190074350"
"dxthtdytlbpb,186838683"
"dxthtdytlbpb,189051874"
"dxthtdytlbpb,187606977"
"dsnpzjytlbqb,60631242"
"dsnpzjytlbqb,190772438"
"dsnpzjytlbqb,185701988"
"dsnpzjytlbqb,80421662"
"dsnpzjytlbqb,156028692"
"dsnpzjytlbqb,191194057"
"dwglcjytlbhb,126435362"
"dwglcjytlbhb,11033604"
"dwglcjytlbhb,188219131"
"dwglcjytlbhb,56736122"
"dwglcjytlbhb,21906961"
"dwglcjytlbhb,190785464"
"dwglcjytlbhb,123724492"
"dwglcjytlbhb,138459162"
"dwglcjytlbhb,5624855"
"dwglcjytlbhb,84062542"
"dwglcjytlbhb,157622742"
"dwglcjytlbhb,5527199"
"lwkkhlytlbcb,103109122"
"lwkkhlytlbcb,130389542"
"lwkkhlytlbcb,157582432"
"lwkkhlytlbcb,52977762"
"lwkkhlytlbcb,86488082"
"mffljlytlbjb,1152738"
"mffljlytlbjb,11522730"
"mffljlytlbjb,182573355"
"mffljlytlbjb,14228655"
"ngdmglytlbqb,11932443"
"ngdmglytlbqb,54548102"
"ngdmglytlbqb,182943157"
"ngdmglytlbqb,106332202"
"dzgbkhytlbtb,48307422"
"dzgbkhytlbtb,182573355"
"dzgbkhytlbtb,59656722"
"dzgbkhytlbtb,189976449"
"dzgbkhytlbtb,7127857"
"dzgbkhytlbtb,155375452"
"dzgbkhytlbtb,191290671"
"kxsjglytlbrb,185563716"
"kxsjglytlbrb,190505051"
"kxsjglytlbrb,185582577"
"jfqmjlytlbdb,7974575"
"jfqmjlytlbdb,13363447"
"jfqmjlytlbdb,107208532"
"jfqmjlytlbdb,55069802"
"jfqmjlytlbdb,146006712"
"jfqmjlytlbdb,190552692"
"jfqmjlytlbdb,184498262"
"jfqmjlytlbdb,185278824"
"jfqmjlytlbdb,65807692"
"jfqmjlytlbmb,55069802"
"jfqmjlytlbmb,13363447"
"jfqmjlytlbmb,146006712"
"jfqmjlytlbmb,190552692"
"jfqmjlytlbmb,46916732"
"hfsmclytlbdb,12140758"
"hfsmclytlbdb,89088292"
"hfsmclytlbdb,190331594"
"hfsmclytlbdb,129948442"
"jchnjlytlbgb,183864614"
"jchnjlytlbgb,112450602"
"jchnjlytlbgb,185186597"
"jchnjlytlbgb,138716662"
"jchnjlytlbgb,184356330"
"jchnjlytlbpb,183864614"
"jchnjlytlbpb,184356330"
"jchnjlytlbpb,185186597"
"jchnjlytlbpb,191126079"
"jchnjlytlbpb,191042111"
"kvngjlytlbgb,44566802"
"kvngjlytlbgb,7346134"
"kvngjlytlbgb,90641882"
"jlfzhlytlbhc,2879015"
"jlfzhlytlbhc,72187152"
"jlfzhlytlbhc,144460692"
"jlfzhlytlbhc,183981292"
"jlfzhlytlbhc,136623172"
"jlfzhlytlbhc,117660752"
"jlfzhlytlbhc,89883822"
"jlfzhlytlbhc,145838932"
"jlfzhlytlbhc,133972162"
"jlfzhlytlbhc,101321902"
"jlfzhlytlbhc,185575895"
"jlfzhlytlbhc,9634913"
"kcbmglytlbxb,11969710"
"kcbmglytlbxb,11932443"
"kcbmglytlbxb,54548102"
"kghkjlytlbxb,40095402"
"kghkjlytlbxb,184899165"
"kghkjlytlbxb,182524524"
"kghkjlytlbxb,49102462"
"mlfdnytlbzb,3112175"
"mlfdnytlbzb,4312723"
"mlfdnytlbzb,3113790"
"mlfdnytlbzb,41838162"
"mlfdnytlbzb,185461061"
"mlfdnytlbzb,8512770"
"jzffjlytlbhb,182491636"
"jzffjlytlbhb,237675"
"jzffjlytlbhb,188651210"
"jfqmjlytlbfc,13363447"
"jfqmjlytlbfc,55069802"
"jfqmjlytlbfc,185278824"
"jfqmjlytlbfc,65807692"
"jfqmjlytlbfc,146006712"
"jfqmjlytlbfc,2550476"
"hfsmclytlbmb,12140758"
"hfsmclytlbmb,190331594"
"hfsmclytlbmb,182524524"
"grkkglytlbpb,8457539"
"grkkglytlbpb,2034683"
"grkkglytlbpb,186278119"
"grkkglytlbpb,174586562"
"grkkglytlbpb,183962264"
"grkkglytlbpb,173763662"
"grkkglytlbpb,184162742"
"grkkglytlbpb,188674311"
"dwlcwkytlbbc,8457539"
"dwlcwkytlbbc,174586562"
"dwlcwkytlbbc,186278119"
"dwlcwkytlbbc,184162742"
"dwlcwkytlbbc,163601222"
"mffljlytlbbc,1152738"
"mffljlytlbbc,54094182"
"mffljlytlbbc,182573355"
"mffljlytlbbc,125306832"
"mffljlytlbbc,11522730"
"mffljlytlbbc,182827937"
"mffljlytlbbc,14228655"
"hqpgglytlbdb,9529472"
"hqpgglytlbdb,31916132"
"hqpgglytlbdb,12296141"
"hrhzflytlbmc,1152738"
"hrhzflytlbmc,190760549"
"hrhzflytlbmc,191290671"
"hrhzflytlbmc,187251041"
"hrhzflytlbmc,171967762"
"hrhzflytlbmc,148146662"
"hrhzflytlbmc,8972518"
"hrhzflytlbmc,184081726"
"hrhzflytlbmc,20068531"
"hrhzflytlbmc,184961757"
"hrhzflytlbmc,190449479"
"hqpgglytlblb,9529472"
"hqpgglytlblb,31916132"
"hqpgglytlblb,12296141"
"jwdwglytlbjc,76844292"
"jwdwglytlbjc,119519002"
"jwdwglytlbjc,72444322"
"jwdwglytlbjc,176727842"
"jwdwglytlbjc,9724419"
"jwdwglytlbjc,81438722"
"jwdwglytlbjc,629443"
"jwdwglytlbjc,3735594"
"jwdwglytlbjc,109905562"
"jwdwglytlbjc,12395765"
"jwdwglytlbjc,83050032"
"jwdwglytlbjc,177944032"
"jwdwglytlbjc,151684302"
"jwdwglytlbjc,136914502"
"hrtbhlytlbsb,86481632"
"hrtbhlytlbsb,92442612"
"hrtbhlytlbsb,178271402"
"hrtbhlytlbsb,191062156"
"hrtbhlytlbsb,185914447"
"hrtbhlytlbsb,184805514"
"hrtbhlytlbsb,191069973"
"hrtbhlytlbsb,24535722"
"hrtbhlytlbsb,97817522"
"hrtbhlytlbsb,157574592"
"fhznflytlbwb,40896"
"fhznflytlbwb,97565952"
"fhznflytlbwb,184533746"
"fhznflytlbwb,1595992"
"fhznflytlbwb,144975022"
"fhznflytlbwb,50673392"
"fhznflytlbwb,142206252"
"dtshtkytlbxb,155048812"
"dtshtkytlbxb,8028288"
"dtshtkytlbxb,97166212"
"jrhcklytlbzb,9283917"
"jrhcklytlbzb,7273486"
"jrhcklytlbzb,185672186"
"hfsmclytlbfc,12140758"
"hfsmclytlbfc,182741621"
"hfsmclytlbfc,182524524"
"hfsmclytlbfc,158372552"
"dtshtkytlbnc,155048812"
"dtshtkytlbnc,113006582"
"dtshtkytlbnc,43246442"
"hfsmclytlbnc,12140758"
"hfsmclytlbnc,109604932"
"hfsmclytlbnc,191986565"
"hfsmclytlbnc,158372552"
"hqpgglytlbmb,9529472"
"hqpgglytlbmb,31916132"
"hqpgglytlbmb,12296141"
"kghkjlytlbpb,40095402"
"kghkjlytlbpb,184899165"
"kghkjlytlbpb,49102462"
"kghkjlytlbpb,182524524"
"mxkqhlytlbhc,111059972"
"mxkqhlytlbhc,5592549"
"mxkqhlytlbhc,139046532"
"jrvrjlytlbqb,104252332"
"jrvrjlytlbqb,183102943"
"jrvrjlytlbqb,190222676"
"jrvrjlytlbvb,104252332"
"jrvrjlytlbvb,184566382"
"jrvrjlytlbvb,151869172"
"jrvrjlytlbvb,189954283"
"kghkjlytlbhc,40095402"
"kghkjlytlbhc,184899165"
"kghkjlytlbhc,189004086"
"kghkjlytlbhc,182524524"
"dwlcwkytlbrb,8457539"
"dwlcwkytlbrb,174586562"
"dwlcwkytlbrb,2034683"
"dwlcwkytlbrb,186278119"
"dwlcwkytlbrb,184162742"
"dwlcwkytlbrb,123720302"
"dwlcwkytlbrb,136510482"
"dwlcwkytlbrb,163601222"
"kcbmglytlbhc,11969710"
"kcbmglytlbhc,11932443"
"kcbmglytlbhc,11960184"
"kcbmglytlbhc,54548102"
"kcbmglytlbpb,11969710"
"kcbmglytlbpb,11932443"
"kcbmglytlbpb,54548102"
"jzffjlytlbqb,182491636"
"jzffjlytlbqb,237675"
"jzffjlytlbqb,188651210"
"mffljlytlbrb,1152738"
"mffljlytlbrb,182573355"
"mffljlytlbrb,11522730"
"mffljlytlbrb,14228655"
"dzgbkhytlbdc,48307422"
"dzgbkhytlbdc,12404354"
"dzgbkhytlbdc,191290671"
"dzgbkhytlbdc,54094182"
"dzgbkhytlbdc,182573355"
"dzgbkhytlbdc,37682812"
"dzgbkhytlbdc,150428692"
"dzgbkhytlbdc,128881452"
"dzgbkhytlbdc,20068531"
"dzgbkhytlbdc,189976449"
"hrtbhlytlblc,86481632"
"hrtbhlytlblc,191062156"
"hrtbhlytlblc,185914447"
"dxcqfhytlbzb,86656712"
"dxcqfhytlbzb,140126382"
"dxcqfhytlbzb,6633313"
"dxcqfhytlbzb,119143652"
"dxcqfhytlbzb,88524442"
"dxcqfhytlbzb,190969146"
"dxcqfhytlbzb,123903302"
"dxcqfhytlbzb,90411882"
"dxcqfhytlbzb,141394002"
"dxcqfhytlbzb,126843652"
"dxcqfhytlbzb,12997510"
"hqpgglytlbtb,9529472"
"hqpgglytlbtb,31916132"
"hqpgglytlbtb,12296141"
"jfqmjlytlbvb,7974575"
"jfqmjlytlbvb,13363447"
"jfqmjlytlbvb,146006712"
"jfqmjlytlbvb,55069802"
"jfqmjlytlbvb,46916732"
"jfqmjlytlbvb,77353132"
"grkkglytlbxb,8457539"
"grkkglytlbxb,123720302"
"grkkglytlbxb,174586562"
"grkkglytlbxb,184162742"
"grkkglytlbxb,2034683"
"grkkglytlbxb,187193607"
"grkkglytlbhc,8457539"
"grkkglytlbhc,123720302"
"grkkglytlbhc,184162742"
"grkkglytlbhc,2034683"
"grkkglytlbhc,186278119"
"grkkglytlbhc,183962264"
"grkkglytlbhc,116574962"
"grkkglytlbhc,173763662"
"grkkglytlbhc,139809972"
"hhvwjlytlbzb,186983554"
"hhvwjlytlbzb,29844362"
"hhvwjlytlbzb,150092852"
"mffljlytlbkc,1152738"
"mffljlytlbkc,182573355"
"mffljlytlbkc,125306832"
"mffljlytlbkc,187524707"
"mffljlytlbkc,12095573"
"dwlcwkytlbkc,8457539"
"dwlcwkytlbkc,136510482"
"dwlcwkytlbkc,2034683"
"dwlcwkytlbkc,186278119"
"dwlcwkytlbkc,173763662"
"dwlcwkytlbkc,187193607"
"jfqmjlytlbnc,7974575"
"jfqmjlytlbnc,13363447"
"jfqmjlytlbnc,190552692"
"jfqmjlytlbnc,146006712"
"jfqmjlytlbnc,65807692"
"ndfqhlytlbhc,188547412"
"ndfqhlytlbhc,82601842"
"ndfqhlytlbhc,185476541"
"ndfqhlytlbhc,190577223"
"ndfqhlytlbhc,190545096"
"ndfqhlytlbhc,183128462"
"ndfqhlytlbhc,186279552"
"ndfqhlytlbhc,108263592"
"fqzbklytlbgc,191411940"
"fqzbklytlbgc,28218722"
"fqzbklytlbgc,186780927"
"ngdmglytlbjc,11932443"
"ngdmglytlbjc,182943157"
"ngdmglytlbjc,9948042"
"ngdmglytlbjc,1008457"
"ngdmglytlbjc,54548102"
"ngdmglytlbjc,106332202"
"ngdmglytlbjc,84857002"
"lkqdklytlbjc,191574140"
"lkqdklytlbjc,191761241"
"lkqdklytlbjc,190203067"
"lkqdklytlbjc,191800940"
"hzrfklytlbpc,5371899"
"hzrfklytlbpc,95216982"
"hzrfklytlbpc,60331192"
"hzrfklytlbpc,3522505"
"hzrfklytlbpc,183201823"
"hzrfklytlbpc,12701661"
"hzrfklytlbpc,8220369"
"hzrfklytlbpc,154843902"
"hzrfklytlbpc,93835242"
"hzrfklytlbpc,44494352"
"hzrfklytlbpc,139883602"
"hzrfklytlbpc,8630789"
"hzrfklytlbpc,42675852"
"hzrfklytlbpc,27364692"
"qgzpzgytlbhb,111278382"
"qgzpzgytlbhb,86656712"
"qgzpzgytlbhb,190311790"
"qgzpzgytlbhb,119130352"
"nzfdklytlbcc,184012592"
"nzfdklytlbcc,186321028"
"nzfdklytlbcc,190138272"
"nzfdklytlbcc,13892022"
"nzfdklytlbcc,9070709"
"qqtdglytlbvb,50154772"
"qqtdglytlbvb,188807512"
"qqtdglytlbvb,111635422"
"wnpgglytlbcb,9529472"
"wnpgglytlbcb,31916132"
"wnpgglytlbcb,12296141"
"wnpgglytlbcb,4515793"
"wnpgglytlbcb,187045093"
"nrpgglytlbdc,9529472"
"nrpgglytlbdc,31916132"
"nrpgglytlbdc,12296141"
"pbddnytlbxb,247024"
"pbddnytlbxb,142619992"
"pbddnytlbxb,135788312"
"pbddnytlbxb,183346158"
"pbddnytlbxb,190504988"
"pbddnytlbxb,132903242"
"pbddnytlbxb,136889382"
"pbddnytlbxb,138684092"
"pbddnytlbxb,174847252"
"pbddnytlbxb,187846400"
"pbddnytlbxb,114743652"
"pbddnytlbxb,191344649"
"qqfpgjytlbhb,4588553"
"qqfpgjytlbhb,63828712"
"qqfpgjytlbhb,183247348"
"qqfpgjytlbhb,185629647"
"qqfpgjytlbhb,14416419"
"qqfpgjytlbhb,10981798"
"qqfpgjytlbhb,110719022"
"qqfpgjytlbhb,122017592"
"qqfpgjytlbhb,2674165"
"qqfpgjytlbhb,34330822"
"qqfpgjytlbhb,157257292"
"qggqvjytlbjb,95562552"
"qggqvjytlbjb,78011702"
"qggqvjytlbjb,190461496"
"qggqvjytlbjb,158372552"
"sdlwflytlbnc,183334896"
"sdlwflytlbnc,79731102"
"sdlwflytlbnc,114743652"
"nhddhlytlbjc,9070709"
"nhddhlytlbjc,9287140"
"nhddhlytlbjc,55519792"
"nhddhlytlbjc,190224807"
"nhddhlytlbjc,176646382"
"nhddhlytlbjc,188080382"
"qggqvjytlbbc,95562552"
"qggqvjytlbbc,135270732"
"qggqvjytlbbc,126997452"
"qggqvjytlbbc,184081726"
"qggqvjytlbbc,73675302"
"qggqvjytlbbc,158372552"
"qggqvjytlbbc,191201986"
"qggqvjytlbkc,95562552"
"qggqvjytlbkc,190079944"
"qggqvjytlbkc,1754655"
"qggqvjytlbkc,12426678"
"qggqvjytlbkc,191201986"
"qggqvjytlbkc,188177028"
"qggqvjytlbkc,111120172"
"qggqvjytlbkc,158372552"
"qggqvjytlbkc,73675302"
"njtvglytlbnb,10164859"
"njtvglytlbnb,8981553"
"njtvglytlbnb,183342492"
"njtvglytlbnb,185661046"
"njtvglytlbnb,97628612"
"njtvglytlbnb,190884825"
"njtvglytlbnb,60273582"
"njtvglytlbnb,2351962"
"njtvglytlbnb,190878915"
"njtvglytlbnb,116151392"
"njtvglytlbnb,187322418"
"njtvglytlbnb,188211311"
"sdlwflytlbvb,183334896"
"sdlwflytlbvb,26403112"
"sdlwflytlbvb,19378491"
"qnnhblytlbgb,8457539"
"qnnhblytlbgb,186278119"
"qnnhblytlbgb,190841241"
"pqvmhlytlbrb,142633572"
"pqvmhlytlbrb,185352635"
"pqvmhlytlbrb,185810059"
"pqvmhlytlbrb,114947252"
"pqvmhlytlbrb,144975022"
"pqvmhlytlbrb,9331743"
"pqvmhlytlbrb,26964522"
"rxzfflytlbqb,3689793"
"rxzfflytlbqb,31751342"
"rxzfflytlbqb,13569325"
"rxzfflytlbqb,130684042"
"rxzfflytlbqb,94560572"
"rxzfflytlbqb,11292534"
"wdvdjlytlbrb,51378442"
"wdvdjlytlbrb,10858362"
"wdvdjlytlbrb,49573552"
"wdvdjlytlbrb,155977442"
"wdvdjlytlbrb,81334062"
"wdvdjlytlbrb,17337811"
"wdvdjlytlbrb,34740122"
"wdvdjlytlbrb,12244779"
"wdvdjlytlbrb,8505578"
"wdvdjlytlbrb,59296612"
"wdvdjlytlbrb,3062658"
"wdvdjlytlbrb,11488595"
"wdvdjlytlbrb,190491088"
"wdvdjlytlbrb,149030712"
"wdvdjlytlbrb,11292534"
"wdvdjlytlbrb,68189102"
"wdvdjlytlbrb,2335432"
"wdvdjlytlbrb,42365702"
"wdvdjlytlbrb,174987962"
"wdvdjlytlbrb,114743652"
"wdvdjlytlbrb,183635336"
"qvlxdgytlbjb,11464905"
"qvlxdgytlbjb,9366204"
"qvlxdgytlbjb,183962264"
"ttqhjlytlbhc,121450802"
"ttqhjlytlbhc,111059972"
"ttqhjlytlbhc,5592549"
"ttqhjlytlbhc,190378528"
"tjlpglytlbbc,1740210"
"tjlpglytlbbc,42391432"
"tjlpglytlbbc,127594472"
"tjlpglytlbbc,112230442"
"qbmdnhytlbdb,237675"
"qbmdnhytlbdb,188651210"
"qbmdnhytlbdb,21610411"
"qbmdnhytlbdb,23614361"
"qbmdnhytlbdb,158382612"
"qbmdnhytlbdb,2130898"
"njtvglytlbfb,10164859"
"njtvglytlbfb,8981553"
"njtvglytlbfb,183342492"
"njtvglytlbfb,7282742"
"njtvglytlbfb,190128590"
"njtvglytlbfb,97628612"
"njtvglytlbfb,116151392"
"njtvglytlbfb,187322418"
"rxmchlytlblb,16217261"
"rxmchlytlblb,69363342"
"rxmchlytlblb,114714442"
"qnwppcytlbhb,3091795"
"qnwppcytlbhb,5648118"
"qnwppcytlbhb,190828375"
"qnwppcytlbhb,148266442"
"qnwppcytlbhb,6958796"
"qnwppcytlbhb,190900958"
"qnwppcytlbhb,94649972"
"vwkqhlytlbbc,111059972"
"vwkqhlytlbbc,177774502"
"vwkqhlytlbbc,191292085"
"vwkqhlytlbbc,187171354"
"vwkqhlytlbbc,5592549"
"vwkqhlytlbbc,115471322"
"vwkqhlytlbbc,191438666"
"vwkqhlytlbbc,184727857"
"phhgjlytlbgb,4592887"
"phhgjlytlbgb,13720556"
"ttwxhlytlblb,182491636"
"ttwxhlytlblb,237675"
"ttwxhlytlblb,13956310"
"tmblhlytlbfb,39358872"
"tmblhlytlbfb,3735594"
"tmblhlytlbfb,190236299"
"tmblhlytlbfb,82601842"
"tmblhlytlbfb,109905562"
"tmblhlytlbfb,83491002"
"tmblhlytlbfb,134438772"
"tmblhlytlbfb,83050032"
"tmblhlytlbfb,5268638"
"tmblhlytlbfb,183020698"
"tmblhlytlbfb,72444322"
"tmblhlytlbfb,77976052"
"tmblhlytlbfb,113212612"
"tmblhlytlbfb,99190732"
"tnzqhlytlbmb,62482002"
"tnzqhlytlbmb,3735594"
"tnzqhlytlbmb,46107242"
"tnzqhlytlbmb,188571293"
"tnzqhlytlbmb,39358872"
"tnzqhlytlbmb,72444322"
"tnzqhlytlbmb,12937388"
"tnzqhlytlbmb,84337412"
"tnzqhlytlbmb,119519002"
"tnzqhlytlbmb,188547412"
"tnzqhlytlbmb,87044142"
"tnzqhlytlbmb,82928382"
"rnpshlytlbhb,629443"
"rnpshlytlbhb,3735594"
"rnpshlytlbhb,72448892"
"rnpshlytlbhb,119519002"
"rnpshlytlbhb,84337412"
"rnpshlytlbhb,122414542"
"rnpshlytlbhb,77976052"
"rnpshlytlbhb,14146761"
"rnpshlytlbhb,72444322"
"rnpshlytlbhb,76844292"
"rnpshlytlbhb,177944032"
"rnpshlytlbhb,83050032"
"rnpshlytlbhb,160642262"
"rnpshlytlbhb,39358872"
"rnpshlytlbhb,113212612"
"rcqmjlytlbmb,160672852"
"rcqmjlytlbmb,104685672"
"rcqmjlytlbmb,185555114"
"rcqmjlytlbmb,55069802"
"pmhjhlytlbfb,86656712"
"pmhjhlytlbfb,11292534"
"pmhjhlytlbfb,164127622"
"tjnhhlytlbpb,50593792"
"tjnhhlytlbpb,184533746"
"tjnhhlytlbpb,95728942"
"wnpgglytlbdb,9529472"
"wnpgglytlbdb,31916132"
"wnpgglytlbdb,12296141"
"qnwppcytlbqb,3091795"
"qnwppcytlbqb,6958796"
"qnwppcytlbqb,189356261"
"qnwppcytlbqb,5540183"
"qnwppcytlbqb,94649972"
"qnwppcytlbqb,88285552"
"qnwppcytlbqb,7837323"
"qnwppcytlbqb,14126494"
"qnwppcytlbqb,92628592"
"qtcqcjytlbqb,136950982"
"qtcqcjytlbqb,138166132"
"qtcqcjytlbqb,107737612"
"qtcqcjytlbqb,187755647"
"ttwxhlytlbtb,182491636"
"ttwxhlytlbtb,237675"
"ttwxhlytlbtb,13956310"
"rcqmjlytlbdb,55069802"
"rcqmjlytlbdb,189076910"
"rcqmjlytlbdb,104685672"
"rcqmjlytlbdb,185555114"
"rcqmjlytlbdb,188091732"
"trpgglytlbtb,90885942"
"trpgglytlbtb,90735032"
"trpgglytlbtb,151071842"
"trpgglytlbtb,162710152"
"shdmglytlbdb,11960184"
"shdmglytlbdb,11932443"
"shdmglytlbdb,188745540"
"tqdmflytlbwb,40095402"
"tqdmflytlbwb,191310060"
"tqdmflytlbwb,49102462"
"qkfhshytlbfb,88524442"
"qkfhshytlbfb,159864962"
"qkfhshytlbfb,131485672"
"rpzldlytlbgb,12140758"
"rpzldlytlbgb,9366204"
"rpzldlytlbgb,129948442"
"rpzldlytlbgb,187833606"
"rpzldlytlbgb,8912203"
"qrnrhlytlbwb,39358872"
"qrnrhlytlbwb,191186384"
"qrnrhlytlbwb,105846012"
"qrnrhlytlbwb,39566802"
"qrnrhlytlbwb,99190732"
"qrnrhlytlbwb,183020698"
"qrnrhlytlbwb,82601842"
"qrnrhlytlbwb,134438772"
"qrnrhlytlbwb,185277166"
"qrnrhlytlbwb,83050032"
"qrnrhlytlbwb,3735594"
"tjnhhlytlbxb,50593792"
"tjnhhlytlbxb,184533746"
"tjnhhlytlbxb,183810377"
"tjnhhlytlbxb,190942086"
"sdlwflytlbmb,183334896"
"sdlwflytlbmb,114743652"
"sdlwflytlbmb,72550052"
"sdlwflytlbmb,186932694"
"phhgjlytlbpb,4592887"
"phhgjlytlbpb,190860712"
"phhgjlytlbpb,190073631"
"njwqhlytlblb,9668301"
"njwqhlytlblb,190882106"
"njwqhlytlblb,190356251"
"wnpgglytlblb,9529472"
"wnpgglytlblb,31916132"
"wnpgglytlblb,12296141"
"tjnhhlytlbrb,50593792"
"tjnhhlytlbrb,182976450"
"tjnhhlytlbrb,14139600"
"tjnhhlytlbrb,184533746"
"tjnhhlytlbrb,187567665"
"rpzldlytlbhc,12140758"
"rpzldlytlbhc,191201986"
"rpzldlytlbhc,103975122"
"rpzldlytlbhc,109604932"
"tjnhhlytlbkc,50593792"
"tjnhhlytlbkc,157974352"
"tjnhhlytlbkc,191846024"
"qnpmhjytlblc,12140758"
"qnpmhjytlblc,189004086"
"qnpmhjytlblc,156201152"
"qnpmhjytlblc,183325417"
"qnpmhjytlblc,187789229"
"qnpmhjytlblc,190817934"
"qnpmhjytlblc,158372552"
"wnpgglytlbmb,9529472"
"wnpgglytlbmb,31916132"
"wnpgglytlbmb,12296141"
"njtvglytlbgc,10164859"
"njtvglytlbgc,8981553"
"njtvglytlbgc,183342492"
"njtvglytlbgc,190868575"
"njtvglytlbgc,191144274"
"njtvglytlbgc,107328342"
"njtvglytlbgc,191232937"
"njtvglytlbgc,109986352"
"njtvglytlbgc,189284038"
"njtvglytlbgc,191462288"
"njtvglytlbgc,132888012"
"njtvglytlbgc,115589702"
"njtvglytlbgc,189808857"
"njtvglytlbgc,191622511"
"njtvglytlbgc,7684965"
"qkfhshytlbnb,88524442"
"qkfhshytlbnb,54909752"
"qkfhshytlbnb,159864962"
"qkfhshytlbnb,131485672"
"qkfhshytlbnb,132650592"
"qkfhshytlbnb,187183819"
"rnwxhlytlbnb,182491636"
"rnwxhlytlbnb,237675"
"rnwxhlytlbnb,162770712"
"nrpgglytlbfc,9529472"
"nrpgglytlbfc,31916132"
"nrpgglytlbfc,12296141"
"qnnhblytlbhc,8457539"
"qnnhblytlbhc,191491491"
"qnnhblytlbhc,191485741"
"qnnhblytlbhc,191190514"
"qskvjlytlbqb,13607105"
"qskvjlytlbqb,186627401"
"qskvjlytlbqb,163512552"
"qskvjlytlbqb,175258622"
"qskvjlytlbqb,78002572"
"qskvjlytlbqb,184217683"
"qskvjlytlbqb,11646326"
"qskvjlytlbqb,141262332"
"qskvjlytlbqb,6808965"
"qskvjlytlbqb,183159945"
"qskvjlytlbqb,6632291"
"qskvjlytlbqb,191204253"
"qskvjlytlbqb,109873002"
"thntjlytlbmb,13363447"
"thntjlytlbmb,185278824"
"thntjlytlbmb,46916732"
"thntjlytlbmb,146006712"
"rcqmjlytlbvb,55069802"
"rcqmjlytlbvb,104685672"
"rcqmjlytlbvb,182654772"
"thntjlytlbvb,13363447"
"thntjlytlbvb,7974575"
"thntjlytlbvb,146006712"
"thntjlytlbvb,191008149"
"thntjlytlbvb,46916732"
"thntjlytlbfc,13363447"
"thntjlytlbfc,185278824"
"thntjlytlbfc,146006712"
"thntjlytlbfc,2550476"
"thntjlytlbfc,191403955"
"wnpgglytlbtb,9529472"
"wnpgglytlbtb,31916132"
"wnpgglytlbtb,12296141"
"ttwxhlytlbmc,182491636"
"ttwxhlytlbmc,237675"
"ttwxhlytlbmc,11261510"
"qvcjwkytlbtb,6801439"
"qvcjwkytlbtb,8877934"
"qvcjwkytlbtb,7571892"
"qbrpqjytlbkc,7932741"
"qbrpqjytlbkc,190362578"
"qbrpqjytlbkc,139987302"
"qbrpqjytlbkc,190408011"
"qskvjlytlbzb,13607105"
"qskvjlytlbzb,141262332"
"qskvjlytlbzb,78002572"
"qskvjlytlbzb,183159945"
"qskvjlytlbzb,163512552"
"qskvjlytlbzb,175258622"
"qskvjlytlbzb,6632291"
"qskvjlytlbzb,11646326"
"qskvjlytlbzb,6808965"
"qskvjlytlbzb,190970396"
"qskvjlytlbzb,186724386"
"qskvjlytlbzb,184566382"
"qskvjlytlbzb,184217683"
"qskvjlytlbjc,13607105"
"qskvjlytlbjc,185404681"
"qskvjlytlbjc,4131360"
"qskvjlytlbjc,163512552"
"qskvjlytlbjc,6632291"
"qskvjlytlbjc,11646326"
"qskvjlytlbjc,190970396"
"qskvjlytlbjc,190427752"
"qskvjlytlbjc,191676885"
"qskvjlytlbjc,175258622"
"qskvjlytlbjc,191691915"
"qskvjlytlbjc,78002572"
"qskvjlytlbjc,6808965"
"qskvjlytlbjc,183159945"
"qskvjlytlbjc,5345067"
"qnwppcytlbzb,3091795"
"qnwppcytlbzb,190828375"
"qnwppcytlbzb,5540183"
"qnwppcytlbzb,153679082"
"qnwppcytlbzb,7837323"
"qnwppcytlbzb,112453462"
"qnwppcytlbzb,53620622"
"shdmglytlbvb,11960184"
"shdmglytlbvb,11932443"
"shdmglytlbvb,44948172"
"pvthhlytlbwb,187860759"
"pvthhlytlbwb,183072889"
"pvthhlytlbwb,187322418"
"qbmdnhytlbvb,237675"
"qbmdnhytlbvb,23614361"
"qbmdnhytlbvb,2130898"
"njtvglytlbwb,10164859"
"njtvglytlbwb,8981553"
"njtvglytlbwb,183342492"
"njtvglytlbwb,191144274"
"njtvglytlbwb,107328342"
"njtvglytlbwb,8821173"
"njtvglytlbwb,43386002"
"njtvglytlbwb,191224130"
"njtvglytlbwb,187322418"
"njtvglytlbwb,189808857"
"njtvglytlbwb,49853372"
"njtvglytlbwb,2351962"
"njtvglytlbwb,189284038"
"njtvglytlbwb,23559611"
"njtvglytlbwb,191283632"
"njtvglytlbwb,109986352"
"njtvglytlbwb,7684965"
"njtvglytlbwb,191418612"
"thntjlytlbnc,13363447"
"thntjlytlbnc,7974575"
"thntjlytlbnc,146006712"
"njtvglytlbpc,10164859"
"njtvglytlbpc,8981553"
"njtvglytlbpc,183342492"
"njtvglytlbpc,107328342"
"njtvglytlbpc,182965248"
"njtvglytlbpc,191140068"
"njtvglytlbpc,77962482"
"njtvglytlbpc,114743652"
"njtvglytlbpc,9837770"
"njtvglytlbpc,125790012"
"njtvglytlbpc,187645202"
"njtvglytlbpc,7684965"
"njtvglytlbpc,97628612"
"njtvglytlbpc,132888012"
"rcqmjlytlbfc,55069802"
"rcqmjlytlbfc,104685672"
"rcqmjlytlbfc,2550476"
"rcqmjlytlbfc,131457122"
"rcqmjlytlbfc,185979871"
"qkfhshytlbwb,88524442"
"qkfhshytlbwb,54909752"
"qkfhshytlbwb,132650592"
"qkfhshytlbwb,131485672"
"qnnhblytlbxb,8457539"
"qnnhblytlbxb,186278119"
"qnnhblytlbxb,191190514"
"qnnhblytlbxb,191485741"
"qtcqcjytlbzb,138166132"
"qtcqcjytlbzb,107737612"
"qtcqcjytlbzb,78846512"
"qtcqcjytlbzb,187755647"
"ngdmglytlbzb,11932443"
"ngdmglytlbzb,106332202"
"ngdmglytlbzb,54548102"
"ngdmglytlbzb,187629078"
"ngdmglytlbzb,81332292"
"qqjstkytlbdc,237675"
"qqjstkytlbdc,13956310"
"qqjstkytlbdc,158382612"
"ttwxhlytlbdc,182491636"
"ttwxhlytlbdc,237675"
"ttwxhlytlbdc,13956310"
"ttwxhlytlbdc,184948599"
"wnpgglytlbdc,9529472"
"wnpgglytlbdc,31916132"
"wnpgglytlbdc,12296141"
"ttfldlytlbkc,111059972"
"ttfldlytlbkc,114799912"
"ttfldlytlbkc,129227382"
"ttfldlytlbkc,136841202"
"ttfldlytlbkc,153738612"
"ttfldlytlbkc,5592549"
"ttfldlytlbkc,127600492"
"ttfldlytlbkc,114947492"
"ttfldlytlbkc,186209616"
"ttfldlytlbkc,150010532"
"wnpgglytlbfc,9529472"
"wnpgglytlbfc,31916132"
"wnpgglytlbfc,12296141"
"wnpgglytlbfc,4024909"
"qbmdnhytlbfc,237675"
"qbmdnhytlbfc,23614361"
"qbmdnhytlbfc,148146662"
"qkfhshytlbpc,88524442"
"qkfhshytlbpc,132650592"
"qkfhshytlbpc,54909752"
"qkfhshytlbpc,131485672"
"qkfhshytlbgc,88524442"
"qkfhshytlbgc,132650592"
"qkfhshytlbgc,54909752"
"qkfhshytlbgc,131485672"
"qpxmfjytlbgc,34957552"
"qpxmfjytlbgc,166469192"
"qpxmfjytlbgc,31601652"
"qnwppcytlbjc,3091795"
"qnwppcytlbjc,5540183"
"qnwppcytlbjc,128031322"
"qnwppcytlbjc,6958796"
"qnwppcytlbjc,148266442"
"qtcqcjytlbjc,136950982"
"qtcqcjytlbjc,107737612"
"qtcqcjytlbjc,138166132"
"qtcqcjytlbjc,78846512"
"qtcqcjytlbjc,137027802"
"nrpgglytlbmc,9529472"
"nrpgglytlbmc,31916132"
"nrpgglytlbmc,12296141"
"wnpgglytlbmc,9529472"
"wnpgglytlbmc,31916132"
"wnpgglytlbmc,12296141"
"nrpgglytlbnc,9529472"
"nrpgglytlbnc,31916132"
"nrpgglytlbnc,12296141"
"wnpgglytlbnc,9529472"
"wnpgglytlbnc,31916132"
"wnpgglytlbnc,12296141"
"qbmdnhytlbnc,237675"
"qbmdnhytlbnc,54778002"
"qbmdnhytlbnc,2130898"
"rcqmjlytlbnc,55069802"
"rcqmjlytlbnc,131457122"
"rcqmjlytlbnc,104685672"
"rcqmjlytlbnc,185979871"
"zmzkglytlbcb,142658572"
"zmzkglytlbcb,190366452"
"zmzkglytlbcb,190542389"
"wwltflytlbrb,111059972"
"wwltflytlbrb,121450802"
"wwltflytlbrb,5592549"
"wwltflytlbrb,131766842"
"wwltflytlbrb,136841202"
"wwltflytlbrb,127600492"
"wwltflytlbrb,114947492"
"wwltflytlbrb,129227382"
"wwltflytlbrb,186209616"
"zwgldlytlbmb,445418"
"zwgldlytlbmb,8844211"
"zwgldlytlbmb,186317384"
"xsbdhlytlbhb,9283917"
"xsbdhlytlbhb,953538"
"xsbdhlytlbhb,161950062"
"zvsshlytlbcb,4592887"
"zvsshlytlbcb,173425042"
"zvsshlytlbcb,156642862"
"zvsshlytlbcb,190570778"
"zvsshlytlbcb,171707152"
"zvsshlytlbcb,54177702"
"zvsshlytlbcb,111423072"
"zggnclytlbgb,92497422"
"zggnclytlbgb,185913642"
"zggnclytlbgb,11562073"
"zbrgglytlbcb,19517451"
"zbrgglytlbcb,8059244"
"zbrgglytlbcb,13832643"
"zfhkjlytkblc,40095402"
"zfhkjlytkblc,184899165"
"zfhkjlytkblc,134524082"
"zfhkjlytkblc,49102462"
"zvsshlytlbtb,4592887"
"zvsshlytlbtb,187447588"
"zvsshlytlbtb,160672852"
"xpshflytlbdb,13363447"
"xpshflytlbdb,189076910"
"xpshflytlbdb,171913772"
"xpshflytlbdb,157373152"
"zwxlflytlbtb,237675"
"zwxlflytlbtb,11772738"
"zwxlflytlbtb,188651210"
"zwxlflytlbtb,13956310"
"zwxlflytlbtb,188973954"
"zwxlflytlbtb,184795486"
"zwxlflytlbtb,158382612"
"zwxlflytlbtb,2130898"
"zwxlflytlbtb,140026492"
"zwxlflytlbtb,189271337"
"zdfqhlytlbpb,188547412"
"zdfqhlytlbpb,190577223"
"zdfqhlytlbpb,190545096"
"zdfqhlytlbpb,183128462"
"zdfqhlytlbpb,108263592"
"zdfqhlytlbpb,186279552"
"xpzqhlytlbsb,45637452"
"xpzqhlytlbsb,39630332"
"xpzqhlytlbsb,74459962"
"xpzqhlytlbsb,9668301"
"xpzqhlytlbsb,10026470"
"xpzqhlytlbcc,45637452"
"xpzqhlytlbcc,39630332"
"xpzqhlytlbcc,74459962"
"xpzqhlytlbcc,9668301"
"xpzqhlytlbcc,10026470"
"xsbdhlytlbqb,9283917"
"xsbdhlytlbqb,4635253"
"xsbdhlytlbqb,90146912"
"xbvhjlytlbnb,100837292"
"xbvhjlytlbnb,187199528"
"xbvhjlytlbnb,186823370"
"zggnclytlbhc,92497422"
"zggnclytlbhc,191579163"
"zggnclytlbhc,191065276"
"xtxsjlytlbqb,26099982"
"xtxsjlytlbqb,152510912"
"xtxsjlytlbqb,191178165"
"xtxsjlytlbqb,104437322"
"xtxsjlytlbzb,26099982"
"xtxsjlytlbzb,42450852"
"xtxsjlytlbzb,104437322"
"xtxsjlytlbjc,26099982"
"xtxsjlytlbjc,152510912"
"xtxsjlytlbjc,191804098"
"xtxsjlytlbjc,42450852"
"xtxsjlytlbjc,104437322"
"xpzqhlytlblc,45637452"
"xpzqhlytlblc,39630332"
"xpzqhlytlblc,9668301"
"xpzqhlytlblc,10026470"
"wnpgglytlbvb,9529472"
"wnpgglytlbvb,31916132"
"wnpgglytlbvb,12296141"
"xpshflytlbfc,13363447"
"xpshflytlbfc,55069802"
"xpshflytlbfc,65807692"
"xpshflytlbfc,2550476"
"zmccklytlbgc,191411940"
"zmccklytlbgc,191521983"
"zmccklytlbgc,191552869"
"zmccklytlbgc,191554524"
"zmccklytlbpc,191411940"
"zmccklytlbpc,37668672"
"zmccklytlbpc,191552869"
"zmccklytlbpc,191578124"
"zmccklytlbpc,191521983"
"xjqdklytlbkc,191574140"
"xjqdklytlbkc,191767188"
"xjqdklytlbkc,191845045"
"xjqdklytlbkc,191760861"
"xjqdklytlbkc,191759392"
"xjqdklytlbkc,9472186"
"xjqdklytlbkc,191887307"
"xjqdklytlbkc,191894583"
